0.0	 23.25	 16.75	 1.5049
20.92	 22.55	 16.45	 0.7588
5.23	 23.05	 16.45	 0.1432
20.92	 24.25	 15.95	 0.4102
10.46	 24.25	 15.95	 0.5411
29.03	 23.35	 15.95	 0.6574
13.27	 24.55	 15.55	 0.285
17.42	 25.15	 14.85	 0.3311
0.0	 25.35	 14.15	 0.1664
5.81	 25.35	 14.15	 0.3054
0.0	 23.85	 16.25	 0.2717
20.63	 23.85	 16.35	 0.6218
0.0	 23.25	 16.65	 0.9139
0.0	 22.95	 15.85	 0.5274
10.31	 22.95	 15.85	 0.5302
0.0	 23.85	 14.95	 0.4474
0.0	 23.85	 14.65	 0.565
0.0	 23.65	 14.65	 0.7983
0.0	 23.65	 15.15	 0.681
0.0	 24.95	 15.15	 0.548
0.0	 25.05	 15.25	 0.8145
0.0	 26.35	 16.15	 1.0628
19.39	 26.35	 16.15	 0.4162
0.0	 23.85	 17.35	 0.025
0.0	 28.55	 15.45	 0.3368
0.0	 28.55	 15.45	 0.4646
14.4	 24.45	 16.05	 0.2735
14.4	 25.95	 16.05	 0.3801
0.0	 26.55	 16.35	 0.556
0.0	 27.45	 16.25	 0.5274
0.0	 27.45	 16.15	 0.3102
0.0	 27.45	 16.15	 0.0695
0.0	 24.55	 16.45	 0.1393
9.11	 24.55	 17.85	 0.3448
18.22	 24.05	 16.25	 0.1079
9.11	 24.55	 16.25	 0.3892
3.5	 24.55	 16.25	 0.9122
7.0	 23.15	 16.75	 1.0073
0.0	 23.15	 14.75	 1.1504
0.0	 25.85	 14.75	 1.3127
0.0	 26.45	 14.75	 1.4599
0.0	 27.85	 15.05	 1.73
0.0	 28.65	 15.05	 1.8993
0.0	 28.65	 16.05	 1.7498
0.0	 27.25	 16.85	 1.0911
0.0	 27.25	 16.85	 0.5288
0.0	 24.65	 17.05	 0.2912
7.61	 24.65	 17.25	 0.4937
11.41	 24.65	 15.75	 0.3956
7.61	 24.65	 15.75	 0.4604
0.0	 24.45	 16.85	 0.4165
0.0	 23.85	 16.85	 0.4238
14.37	 23.75	 18.25	 1.015
9.58	 23.65	 17.35	 1.351
0.0	 24.65	 16.25	 1.4256
0.0	 26.05	 15.45	 1.2033
0.0	 26.25	 13.75	 1.0516
1.99	 29.35	 13.75	 0.9218
0.0	 29.35	 16.55	 0.6242
5.6	 24.25	 16.65	 0.9539
22.4	 23.55	 16.55	 0.6305
5.6	 23.95	 16.55	 0.9108
5.6	 23.95	 15.85	 1.1695
11.2	 25.45	 15.75	 1.4234
10.22	 25.45	 15.75	 1.5953
0.0	 25.55	 16.75	 1.6242
5.11	 26.45	 16.75	 1.2989
0.0	 26.45	 16.65	 1.0543
0.0	 26.25	 16.35	 0.5371
0.0	 25.55	 16.15	 0.483
0.0	 25.55	 16.15	 0.4003
0.0	 23.95	 14.85	 0.6559
0.0	 24.55	 14.85	 0.585
0.0	 26.35	 16.45	 0.874
0.0	 26.35	 15.75	 0.8878
0.0	 24.85	 15.55	 0.7943
0.0	 25.05	 15.55	 0.8591
0.0	 25.05	 16.35	 1.2758
0.0	 24.25	 16.25	 1.5195
0.0	 25.25	 16.25	 1.1325
0.0	 25.25	 15.85	 0.4854
0.0	 24.55	 15.85	 0.9563
13.31	 24.15	 16.05	 1.553
19.96	 24.15	 15.65	 1.1285
0.0	 23.95	 15.65	 0.9364
8.83	 23.45	 15.75	 1.4186
26.48	 23.55	 16.45	 1.6703
0.0	 23.55	 15.95	 1.5324
0.0	 23.75	 15.95	 1.6328
0.0	 24.55	 15.55	 1.8381
0.0	 25.25	 15.35	 1.9803
0.0	 26.75	 15.15	 1.9858
0.0	 27.05	 15.15	 2.0373
0.0	 27.05	 15.75	 2.0193
2.59	 27.25	 16.15	 2.0694
0.0	 28.65	 15.95	 2.1223
0.0	 28.65	 15.95	 1.8217
0.0	 28.65	 16.35	 1.9385
0.0	 27.35	 15.75	 2.2704
0.0	 27.65	 15.45	 2.0662
9.22	 28.45	 15.45	 2.0691
0.0	 28.55	 15.75	 2.2195
0.0	 28.55	 16.45	 2.3974
0.0	 27.15	 15.85	 2.2926
0.0	 27.55	 15.85	 2.1364
0.0	 27.55	 16.75	 2.2538
0.0	 27.75	 16.85	 2.1526
0.0	 29.75	 15.55	 1.842
8.44	 29.75	 14.15	 1.4717
0.0	 29.75	 14.15	 1.668
0.0	 27.65	 15.15	 1.8001
0.0	 28.45	 15.15	 1.7356
0.0	 28.45	 14.55	 2.0662
6.36	 28.55	 14.55	 2.0793
0.0	 28.85	 14.85	 2.3132
0.0	 28.85	 14.85	 2.7512
0.0	 27.05	 15.85	 2.7441
0.0	 26.95	 15.85	 2.6382
0.0	 27.65	 15.95	 2.6903
6.86	 27.65	 15.95	 2.5939
0.0	 26.75	 16.55	 2.2483
12.99	 28.45	 15.75	 2.0814
0.0	 28.45	 15.75	 2.4439
2.48	 28.25	 15.85	 2.6147
0.0	 28.65	 15.75	 2.534
0.0	 28.65	 15.75	 2.4788
5.0	 27.95	 15.95	 2.3022
0.0	 28.25	 15.45	 2.2798
0.0	 29.45	 14.35	 2.065
0.0	 30.05	 14.35	 1.4122
0.0	 30.05	 15.75	 1.6034
0.0	 28.75	 16.75	 1.9597
0.0	 28.45	 16.15	 2.204
0.0	 27.65	 14.95	 2.3816
0.0	 27.65	 14.65	 2.1221
0.0	 27.75	 14.65	 2.0211
0.0	 27.75	 15.85	 1.9928
0.0	 27.05	 15.85	 2.189
0.0	 28.85	 16.05	 2.5573
0.0	 28.85	 16.05	 2.7057
0.0	 28.75	 14.95	 2.7592
0.0	 28.25	 14.95	 2.6233
0.0	 27.15	 15.55	 2.4044
0.0	 29.25	 14.45	 2.4341
6.13	 29.25	 14.45	 2.6523
0.0	 28.75	 13.85	 2.7404
0.0	 28.45	 13.85	 2.59
6.7	 28.85	 14.65	 2.3658
0.0	 28.85	 14.85	 2.6119
0.0	 28.45	 13.25	 2.3941
0.0	 29.95	 13.25	 1.6241
0.0	 29.95	 13.75	 1.4741
0.0	 28.65	 15.55	 1.733
0.0	 26.65	 16.55	 2.0768
0.0	 27.25	 16.05	 2.2867
0.0	 28.65	 15.25	 2.6303
0.0	 28.65	 15.25	 2.54
0.0	 27.85	 14.65	 2.5695
0.0	 28.35	 12.95	 2.8703
0.0	 28.45	 12.95	 2.8086
0.0	 28.55	 14.55	 2.7406
0.0	 31.55	 14.05	 2.3591
0.0	 31.55	 14.05	 1.7967
0.0	 29.35	 14.75	 2.0351
0.0	 29.65	 15.95	 2.616
0.0	 29.65	 15.95	 2.9992
0.0	 29.35	 16.45	 2.7491
0.0	 28.25	 14.75	 2.8398
0.0	 26.95	 13.65	 3.1134
0.0	 26.95	 11.95	 2.7035
0.0	 29.05	 11.95	 2.008
0.0	 29.15	 12.65	 1.8292
0.0	 29.15	 13.75	 2.6342
0.0	 28.15	 13.15	 2.9315
0.0	 28.65	 13.15	 2.6774
0.0	 28.65	 12.45	 2.5756
0.0	 30.25	 12.45	 2.5822
0.0	 30.25	 12.85	 2.6948
0.0	 28.55	 13.45	 2.5462
0.0	 28.15	 12.35	 2.6
0.0	 28.35	 12.35	 2.9595
0.0	 28.35	 12.85	 2.8431
0.0	 28.35	 12.15	 2.7259
0.0	 27.35	 11.15	 2.5988
0.0	 27.35	 10.85	 2.4935
0.0	 26.25	 9.95	 2.492
0.0	 28.75	 9.95	 2.4889
0.0	 28.75	 11.85	 2.605
0.0	 28.55	 12.75	 2.6122
0.0	 28.25	 12.75	 2.5395
0.0	 30.05	 11.05	 2.3963
0.0	 30.05	 11.05	 2.3215
0.0	 29.75	 12.25	 2.6908
0.0	 29.05	 13.15	 2.7501
0.0	 28.85	 12.55	 2.5199
0.0	 30.05	 10.35	 2.3647
0.0	 30.05	 10.35	 2.464
0.0	 29.35	 12.05	 2.9013
0.0	 28.75	 12.65	 2.945
0.0	 28.95	 11.25	 2.4293
0.0	 28.95	 11.25	 2.2656
0.0	 28.85	 12.35	 2.4742
0.0	 29.55	 11.75	 2.2983
0.0	 29.55	 11.75	 2.4674
0.0	 29.05	 11.85	 2.8751
0.0	 28.95	 12.05	 2.9496
0.0	 28.95	 12.45	 3.0234
0.0	 28.25	 12.45	 3.0048
0.0	 30.55	 10.85	 2.4062
0.0	 30.55	 10.85	 2.2881
0.0	 30.05	 13.55	 2.6627
0.0	 29.45	 13.55	 2.895
0.0	 28.35	 13.45	 3.1782
0.0	 27.85	 11.75	 2.9993
0.0	 29.15	 10.95	 2.9114
0.0	 30.15	 10.95	 3.1203
0.0	 30.15	 13.05	 3.258
0.0	 28.95	 13.05	 3.0675
0.0	 29.85	 12.05	 2.9371
0.0	 29.85	 12.05	 2.7039
0.0	 30.55	 12.65	 2.692
0.0	 30.55	 13.15	 3.4098
0.0	 29.45	 13.45	 3.4241
0.0	 30.45	 13.45	 3.1279
0.0	 31.95	 14.15	 2.694
0.0	 36.15	 14.25	 2.2237
0.0	 36.15	 15.85	 2.4605
0.0	 32.65	 13.55	 3.2021
0.0	 29.35	 10.75	 3.4519
0.0	 30.45	 10.55	 2.6932
0.0	 31.85	 10.55	 2.1155
0.0	 31.85	 12.15	 2.706
0.0	 31.65	 12.85	 2.8593
0.0	 35.05	 12.85	 2.1976
0.0	 35.05	 15.05	 2.3033
0.0	 32.95	 14.75	 2.3953
0.0	 31.15	 14.75	 2.4337
0.0	 29.75	 16.55	 2.8219
0.0	 33.55	 16.05	 2.5601
0.0	 33.55	 16.05	 2.5141
0.0	 29.55	 16.75	 3.0839
0.0	 28.85	 14.65	 3.1608
0.0	 29.45	 13.55	 3.1585
0.0	 30.25	 13.55	 2.9712
0.0	 30.95	 15.35	 2.9883
0.0	 31.65	 15.85	 3.2356
0.0	 33.65	 15.85	 2.9251
0.0	 33.65	 16.95	 2.7787
0.0	 33.95	 16.95	 2.5708
0.0	 34.35	 14.85	 2.1643
0.0	 36.15	 14.85	 1.7311
0.0	 36.15	 16.25	 1.45
0.0	 35.95	 17.45	 2.213
0.0	 32.05	 16.45	 3.3431
0.0	 32.05	 13.75	 3.7979
0.0	 32.75	 13.75	 3.3509
0.0	 32.75	 13.95	 2.8956
0.0	 33.65	 14.45	 2.5392
0.0	 33.65	 14.45	 2.5932
0.0	 32.35	 14.45	 2.9754
0.0	 33.75	 14.05	 2.8913
0.0	 33.75	 14.05	 2.3774
0.0	 33.55	 14.45	 2.2018
0.0	 32.95	 14.75	 2.7564
0.0	 32.95	 14.25	 3.6384
0.0	 32.45	 13.55	 3.8649
0.0	 33.25	 13.55	 3.0226
0.0	 33.65	 15.15	 2.5636
0.0	 38.75	 15.25	 2.4779
0.0	 38.75	 16.55	 3.1951
0.0	 32.85	 15.45	 4.3955
0.0	 31.45	 13.45	 3.8981
0.0	 31.55	 13.35	 3.047
0.0	 32.45	 13.35	 2.737
0.0	 34.85	 13.85	 2.6751
0.0	 34.85	 16.15	 2.9834
0.0	 34.15	 15.95	 3.1882
0.0	 35.05	 15.95	 3.4082
0.0	 35.75	 17.15	 3.4508
0.0	 35.75	 17.75	 2.8232
0.0	 41.65	 17.15	 1.6826
0.0	 41.65	 17.15	 0.7534
0.0	 37.15	 18.45	 1.1065
0.0	 37.05	 17.25	 1.0499
0.0	 39.35	 16.75	 0.6085
0.0	 39.35	 16.75	 0.6903
0.0	 36.05	 17.35	 0.7813
0.0	 32.65	 16.45	 1.0391
0.0	 35.25	 16.45	 1.8957
0.0	 35.25	 16.75	 3.0782
0.0	 34.15	 18.25	 3.1231
0.0	 32.45	 16.75	 2.6419
0.0	 32.65	 16.75	 2.1136
0.0	 32.65	 17.95	 1.2606
0.0	 31.95	 16.95	 1.0453
0.0	 29.95	 16.05	 1.0104
0.0	 33.35	 15.95	 1.0067
0.78	 33.35	 15.95	 0.8321
0.0	 31.65	 16.85	 1.0283
7.19	 29.55	 16.25	 1.7503
0.0	 34.45	 14.55	 2.3084
0.0	 35.15	 14.55	 2.8865
0.0	 35.15	 17.25	 3.2529
0.0	 36.05	 17.45	 2.7302
0.0	 36.05	 17.45	 1.698
0.0	 34.45	 17.65	 1.6041
0.0	 34.25	 16.95	 1.7622
0.0	 33.35	 16.75	 2.0086
0.0	 36.25	 16.75	 2.1523
0.0	 36.25	 18.45	 2.2465
0.0	 34.15	 17.95	 2.0739
0.0	 34.15	 17.95	 1.6536
0.0	 33.15	 17.75	 2.1575
0.0	 37.05	 17.75	 2.2311
0.0	 37.05	 18.05	 1.7551
0.0	 33.65	 18.35	 2.4241
0.0	 34.05	 16.95	 3.0736
0.0	 34.05	 16.95	 3.1826
0.0	 32.35	 17.85	 2.9976
0.0	 33.85	 17.85	 2.3018
0.0	 33.85	 17.15	 1.8203
0.0	 26.45	 15.45	 1.6586
0.0	 25.85	 12.95	 0.715
11.38	 26.75	 12.95	 0.3384
31.04	 28.85	 14.85	 0.7338
0.0	 28.85	 15.45	 0.7494
0.0	 32.95	 14.45	 1.0331
0.0	 32.95	 14.45	 1.9652
0.0	 33.25	 15.95	 2.4402
0.0	 33.25	 15.95	 2.4382
0.0	 32.05	 16.15	 2.2772
0.0	 32.05	 16.15	 1.5341
0.0	 31.95	 16.25	 1.5499
0.0	 28.95	 14.85	 1.3825
0.0	 28.95	 14.85	 0.9265
0.0	 27.95	 15.35	 1.1987
0.0	 29.65	 15.65	 1.0028
0.0	 29.65	 16.85	 0.8555
0.0	 24.75	 16.25	 0.7393
29.13	 24.15	 16.25	 0.4697
9.71	 23.15	 16.55	 0.2084
0.0	 24.35	 15.65	 0.5948
9.71	 24.35	 14.15	 0.7242
29.13	 25.15	 14.15	 1.1547
0.0	 29.35	 15.35	 1.4658
0.0	 29.35	 15.35	 1.4862
0.0	 30.35	 15.95	 1.9151
0.0	 31.25	 14.95	 1.8705
0.0	 31.25	 14.95	 1.437
0.0	 31.65	 16.55	 1.5321
0.0	 31.65	 16.55	 1.7046
0.0	 30.65	 17.15	 1.4041
0.0	 29.05	 16.75	 0.9836
14.4	 22.25	 14.95	 0.5764
7.31	 22.25	 14.95	 0.5955
7.31	 23.35	 14.75	 0.5521
7.31	 23.85	 14.55	 0.4407
21.92	 24.75	 14.55	 0.5214
14.61	 24.75	 14.75	 0.8762
0.0	 24.55	 16.05	 0.8372
0.0	 24.55	 15.65	 0.6647
0.0	 26.05	 15.65	 0.5527
0.0	 26.05	 15.65	 0.7152
0.0	 27.65	 15.75	 1.1527
0.0	 27.65	 15.75	 1.4876
