0.0	 28.25	 15.35	 0.9735
6.37	 23.75	 16.05	 0.5545
19.1	 22.95	 16.05	 0.3081
25.46	 22.45	 16.25	 0.6121
6.37	 22.15	 15.45	 0.8251
8.13	 21.95	 15.45	 0.9991
27.87	 22.65	 14.85	 0.496
16.26	 24.35	 14.85	 0.0856
0.0	 24.35	 14.45	 0.3207
16.26	 23.15	 14.45	 0.65
12.94	 23.65	 15.85	 0.722
12.94	 23.65	 15.85	 1.0177
0.0	 22.95	 14.95	 1.1827
0.0	 23.15	 14.15	 1.0158
0.0	 25.65	 14.15	 1.1186
0.0	 26.45	 13.95	 1.1792
0.0	 26.45	 13.95	 1.2298
0.0	 25.45	 14.95	 1.4189
0.0	 27.25	 14.85	 1.3368
0.0	 28.55	 14.25	 1.3676
0.0	 28.55	 13.75	 1.4298
11.13	 28.85	 13.75	 1.455
11.13	 28.85	 14.95	 1.01
0.0	 27.25	 15.55	 0.65
0.0	 29.35	 15.15	 0.4441
0.0	 29.35	 14.95	 0.5731
0.0	 27.75	 14.05	 1.0041
23.12	 30.55	 14.05	 1.2612
0.0	 30.55	 14.65	 1.3895
0.0	 30.65	 14.65	 1.5021
0.0	 30.65	 15.15	 1.1505
0.0	 29.25	 15.15	 0.8409
0.0	 29.15	 16.75	 0.7304
14.29	 24.95	 16.65	 0.56
14.29	 24.45	 15.25	 0.2413
0.0	 24.45	 15.25	 0.5408
0.0	 24.25	 15.25	 1.1474
12.85	 22.45	 16.15	 1.556
0.0	 23.75	 15.65	 1.761
0.0	 27.65	 14.65	 1.9409
0.0	 28.65	 14.35	 1.9896
0.0	 29.35	 12.65	 1.9912
0.0	 29.35	 12.65	 2.1838
0.0	 29.15	 15.65	 2.2301
0.0	 30.25	 15.75	 1.7112
0.0	 30.25	 15.75	 0.8662
0.0	 26.45	 16.65	 0.6002
4.26	 27.85	 16.15	 0.7339
12.79	 27.85	 14.65	 0.72
8.53	 25.45	 14.65	 0.7688
0.0	 23.35	 15.35	 0.7004
0.0	 24.35	 15.65	 0.9936
12.02	 24.35	 15.65	 1.6976
12.02	 25.65	 15.85	 1.8906
0.0	 28.05	 12.25	 1.7912
0.0	 29.75	 12.25	 1.7442
0.0	 29.75	 13.65	 1.9611
1.79	 29.65	 13.65	 1.8972
0.0	 29.65	 14.75	 1.1555
0.0	 27.75	 16.85	 0.7639
16.53	 24.05	 15.45	 0.7476
8.27	 26.85	 14.55	 1.2033
8.27	 26.85	 14.55	 1.6797
16.53	 28.65	 11.65	 1.7317
5.4	 28.65	 11.65	 1.9606
5.4	 28.15	 15.85	 2.2291
5.4	 28.15	 15.85	 1.9431
0.0	 28.15	 15.55	 1.6003
0.0	 30.85	 15.35	 0.8635
0.0	 30.85	 15.35	 0.8016
0.0	 28.85	 15.55	 0.9865
0.0	 28.85	 15.85	 0.7091
0.0	 26.05	 15.05	 0.6774
0.0	 29.35	 15.05	 1.2111
0.0	 29.35	 15.65	 1.2477
0.0	 30.05	 12.15	 1.0139
0.0	 30.05	 12.15	 1.2997
0.0	 28.55	 14.85	 2.0005
4.87	 27.05	 15.55	 2.1936
0.0	 27.35	 15.55	 1.8975
0.0	 27.35	 15.55	 1.489
0.0	 26.15	 15.05	 1.751
14.35	 26.65	 15.05	 2.0147
21.53	 26.65	 15.95	 1.7129
0.0	 26.45	 16.15	 1.4937
7.74	 24.55	 16.15	 1.5973
23.23	 24.55	 15.95	 1.836
7.74	 24.55	 15.35	 1.9859
0.0	 25.45	 15.35	 2.241
0.0	 26.05	 14.15	 2.3729
0.0	 26.05	 14.15	 2.3279
0.0	 26.75	 14.75	 2.3327
0.0	 26.85	 13.35	 2.3544
0.0	 26.85	 13.35	 2.2741
0.0	 27.65	 14.85	 2.447
0.0	 28.15	 15.25	 2.4896
0.0	 28.15	 15.25	 2.2296
0.0	 28.05	 15.25	 2.3389
0.0	 26.75	 15.05	 2.5106
0.0	 27.55	 14.15	 2.2544
0.0	 27.65	 14.15	 2.2344
0.0	 27.65	 15.45	 2.5701
0.0	 27.15	 15.65	 2.7703
31.67	 27.05	 14.95	 2.6513
0.0	 27.05	 14.95	 2.6124
0.0	 27.35	 15.65	 2.627
0.0	 27.65	 15.65	 2.6066
0.0	 28.45	 15.05	 2.3567
0.0	 28.75	 12.15	 1.7308
0.0	 28.75	 12.15	 1.8457
0.0	 27.05	 14.75	 2.0846
0.0	 27.05	 14.75	 2.0492
0.0	 27.05	 12.55	 2.1548
0.0	 27.85	 12.55	 2.0684
0.0	 27.85	 14.25	 2.4851
0.0	 26.45	 14.55	 2.9389
0.0	 25.75	 14.55	 2.7372
0.0	 24.75	 14.55	 2.5663
0.0	 25.95	 15.05	 2.6371
0.0	 25.95	 15.15	 2.5627
0.0	 24.75	 15.85	 2.3613
0.0	 26.15	 13.45	 2.2204
0.0	 26.15	 13.45	 2.1744
0.0	 26.65	 15.15	 2.1918
22.87	 26.65	 15.45	 2.2008
0.0	 25.65	 15.45	 2.3744
0.0	 25.95	 14.95	 2.3153
0.0	 26.15	 14.55	 2.1858
0.0	 27.35	 12.15	 2.0318
0.0	 28.05	 12.15	 1.6279
0.0	 28.05	 14.55	 1.7931
0.0	 26.95	 15.95	 2.3296
0.0	 26.95	 14.95	 2.4587
0.0	 26.35	 14.35	 2.325
0.0	 26.75	 13.15	 2.0931
0.0	 26.75	 13.15	 1.9554
0.0	 26.35	 14.95	 1.904
0.0	 25.95	 15.25	 2.1942
0.0	 27.05	 14.65	 2.6716
0.0	 27.05	 14.65	 2.6953
0.0	 25.95	 11.45	 2.5644
0.0	 25.95	 11.45	 2.414
0.0	 25.45	 14.35	 2.3409
0.0	 26.65	 13.25	 2.5205
0.0	 26.65	 13.25	 2.7655
0.0	 26.05	 13.35	 2.78
0.0	 26.05	 13.35	 2.5888
0.0	 26.95	 12.15	 2.4282
0.0	 26.95	 12.15	 2.5899
0.0	 26.45	 9.75	 2.4019
0.0	 27.35	 9.75	 1.8743
0.0	 27.35	 12.45	 1.9155
0.0	 26.35	 14.05	 2.0053
0.0	 25.15	 15.15	 2.1429
0.0	 24.25	 14.95	 2.3658
0.0	 26.65	 13.85	 2.6339
0.0	 26.65	 13.85	 2.7949
0.0	 25.85	 12.95	 2.7933
0.0	 25.85	 10.75	 2.7531
0.0	 25.65	 10.75	 2.5894
0.0	 25.85	 11.85	 2.6327
0.0	 27.85	 12.35	 2.3899
0.0	 27.85	 12.35	 2.0779
0.0	 26.65	 13.25	 2.3854
0.0	 26.45	 13.85	 2.7293
0.0	 26.45	 13.85	 2.999
0.0	 26.45	 14.35	 2.9062
0.0	 26.45	 13.25	 2.984
0.0	 23.85	 12.65	 3.1046
0.0	 23.85	 10.35	 2.7613
0.0	 26.25	 10.15	 2.0857
0.0	 26.45	 10.15	 1.9503
0.0	 26.45	 11.85	 2.6477
0.0	 25.15	 11.85	 2.9255
0.0	 25.65	 11.95	 2.7833
0.0	 26.35	 12.05	 2.6258
0.0	 26.35	 12.05	 2.493
0.0	 26.25	 11.45	 2.5715
0.0	 25.95	 11.25	 2.5357
0.0	 26.15	 11.15	 2.6907
0.0	 26.15	 11.15	 3.0249
0.0	 25.45	 12.05	 2.9337
0.0	 25.45	 11.25	 2.7967
0.0	 25.05	 10.45	 2.698
0.0	 25.05	 9.55	 2.5631
0.0	 24.45	 9.55	 2.5229
0.0	 25.55	 9.65	 2.5701
0.0	 25.55	 10.45	 2.8347
0.0	 26.15	 10.55	 2.8566
0.0	 27.05	 10.55	 2.681
0.0	 27.55	 10.05	 2.5636
0.0	 27.55	 10.05	 2.4273
0.0	 27.45	 10.25	 2.7214
0.0	 26.25	 10.35	 2.8702
0.0	 26.55	 10.75	 2.7307
0.0	 27.35	 8.85	 2.5697
0.0	 27.35	 8.85	 2.599
0.0	 26.95	 10.75	 3.0575
0.0	 25.65	 11.25	 2.995
0.0	 26.25	 4.05	 2.3554
0.0	 26.75	 4.05	 2.3369
0.0	 26.75	 10.85	 2.4751
0.0	 27.35	 11.15	 2.3325
0.0	 27.35	 10.95	 2.5348
0.0	 27.05	 10.85	 2.6952
0.0	 27.05	 10.85	 2.75
0.0	 25.45	 10.95	 2.9521
0.0	 25.75	 10.85	 2.7929
0.0	 28.35	 5.55	 2.1386
0.0	 28.35	 5.55	 2.273
0.0	 27.75	 11.45	 2.9766
0.0	 27.75	 11.45	 3.1329
0.0	 25.05	 10.95	 3.1508
0.0	 25.95	 10.35	 3.0544
0.0	 25.95	 10.05	 3.0413
0.0	 26.85	 10.05	 3.1761
0.0	 26.85	 11.95	 3.2451
0.0	 25.25	 11.25	 3.0538
0.0	 26.35	 9.55	 2.7754
0.0	 27.55	 8.55	 2.7427
0.0	 27.55	 8.55	 2.8823
0.0	 27.55	 11.05	 3.3324
0.0	 26.55	 9.65	 3.4638
0.0	 27.25	 9.65	 3.2421
0.0	 28.95	 11.75	 2.9128
0.0	 30.05	 11.75	 2.8186
0.0	 30.05	 12.65	 3.105
0.0	 29.45	 8.95	 3.2086
0.0	 26.65	 7.45	 3.0847
0.0	 28.55	 6.35	 2.6202
0.0	 29.45	 6.35	 2.327
0.0	 29.45	 9.85	 2.8961
0.0	 28.85	 10.65	 3.1827
0.0	 29.55	 10.65	 2.7576
0.0	 29.85	 11.45	 2.6695
0.0	 29.85	 11.45	 2.5669
0.0	 28.75	 11.55	 2.6936
0.0	 26.05	 12.35	 3.0681
0.0	 29.05	 12.15	 3.0532
0.0	 29.05	 12.15	 3.1423
0.0	 26.05	 12.75	 3.2598
0.0	 26.25	 10.85	 3.1048
0.0	 26.25	 10.55	 3.188
0.0	 27.75	 10.55	 3.2548
0.0	 27.75	 12.85	 3.1813
0.0	 27.65	 13.35	 3.214
0.0	 29.05	 12.65	 3.1211
0.0	 29.45	 12.65	 3.3021
0.0	 30.85	 13.95	 3.3906
0.0	 30.85	 11.25	 3.2142
0.0	 30.95	 11.25	 2.989
0.0	 31.15	 12.05	 2.9521
0.0	 31.15	 13.35	 3.2267
0.0	 29.85	 12.05	 3.5054
0.0	 27.75	 10.95	 3.6412
0.0	 28.85	 10.95	 3.546
0.0	 29.75	 10.75	 3.2251
0.0	 29.85	 10.75	 2.9056
0.0	 29.85	 10.95	 2.9721
0.0	 29.25	 10.95	 2.9714
0.0	 29.25	 7.95	 2.8958
0.0	 30.65	 7.95	 3.1971
0.0	 30.65	 10.05	 3.2284
0.0	 29.85	 11.35	 3.4708
0.0	 29.85	 10.85	 3.8593
0.0	 28.95	 10.45	 3.823
0.0	 29.55	 10.45	 3.3481
0.0	 31.05	 11.65	 3.1757
0.0	 31.45	 12.35	 3.2772
0.0	 31.45	 12.95	 3.5877
0.0	 28.35	 12.25	 4.1603
0.0	 28.05	 8.75	 3.8037
0.0	 29.55	 8.75	 3.2861
0.0	 29.85	 11.55	 3.1665
0.0	 31.35	 11.55	 3.1968
0.0	 31.35	 12.55	 3.3422
0.0	 30.65	 12.35	 3.3862
0.0	 31.55	 12.35	 3.5241
0.0	 31.65	 12.25	 3.4054
0.0	 32.25	 9.45	 2.945
0.0	 32.65	 9.45	 2.4857
0.0	 34.45	 11.65	 2.0367
0.0	 34.45	 13.15	 1.9863
0.0	 32.75	 13.15	 2.517
0.0	 32.75	 14.15	 3.1203
0.0	 32.75	 13.55	 3.0291
0.0	 32.05	 13.55	 2.8182
0.0	 31.55	 13.55	 2.846
0.0	 32.25	 13.95	 3.3783
0.0	 32.25	 13.95	 4.0659
0.0	 30.75	 13.55	 3.9033
0.0	 29.65	 12.45	 3.5912
0.0	 29.85	 12.45	 3.2321
0.0	 29.85	 13.45	 2.4148
0.0	 32.35	 11.45	 1.8404
0.0	 32.35	 11.45	 2.3199
0.0	 33.45	 12.85	 2.7804
0.46	 33.45	 12.85	 2.4167
0.0	 32.15	 14.85	 2.5993
4.93	 30.95	 13.55	 3.1551
0.0	 31.45	 10.35	 3.4199
0.0	 31.55	 10.35	 3.749
0.0	 31.65	 13.15	 3.7142
0.0	 33.25	 11.75	 3.5339
0.0	 33.25	 11.75	 3.2359
0.0	 32.65	 14.15	 3.133
0.0	 32.65	 14.45	 2.88
0.0	 31.35	 13.65	 3.1164
0.0	 33.05	 13.65	 3.748
0.0	 33.05	 15.05	 3.6013
0.0	 33.35	 12.95	 2.9912
0.0	 33.35	 12.95	 2.4751
0.0	 31.45	 14.55	 2.9793
0.0	 33.65	 13.45	 3.7102
0.0	 33.65	 13.45	 3.9149
0.0	 31.65	 15.05	 4.0708
0.0	 31.65	 13.85	 3.9604
0.0	 31.65	 13.85	 3.8495
3.68	 30.55	 13.95	 3.5054
0.0	 31.15	 12.65	 2.6898
0.0	 31.15	 12.65	 1.965
0.0	 28.75	 11.85	 1.7356
0.0	 28.05	 10.65	 1.5848
12.39	 34.75	 9.95	 1.5021
12.08	 34.75	 9.95	 1.7092
0.0	 31.15	 14.05	 2.5013
0.0	 31.75	 12.55	 3.0121
0.0	 31.75	 12.55	 3.3851
0.0	 30.35	 13.75	 3.4837
4.18	 30.35	 13.75	 3.1755
0.0	 30.85	 14.35	 2.9339
0.0	 30.85	 14.35	 2.5966
0.0	 30.85	 14.55	 2.2783
0.0	 29.95	 12.85	 2.2034
13.83	 29.95	 12.25	 1.6908
0.0	 31.25	 12.25	 1.1429
0.0	 33.95	 13.75	 0.9605
0.0	 33.95	 15.25	 1.0456
0.0	 30.05	 15.55	 1.1311
19.35	 28.45	 15.55	 0.9446
12.9	 23.95	 14.45	 0.6263
0.0	 26.65	 13.75	 0.8657
6.45	 26.65	 13.75	 1.3936
19.35	 27.65	 14.35	 2.1576
10.6	 29.95	 14.05	 2.6888
0.0	 29.95	 14.05	 2.7397
0.0	 29.65	 13.95	 2.7948
0.0	 31.55	 10.55	 2.259
0.0	 31.55	 10.55	 1.811
0.0	 31.75	 14.65	 2.0264
0.0	 31.75	 15.15	 2.225
0.0	 29.35	 15.25	 2.0313
0.0	 29.05	 15.25	 0.9894
8.71	 22.45	 14.45	 0.6031
0.0	 21.95	 13.95	 0.6437
9.51	 22.15	 13.95	 0.6726
9.51	 25.35	 13.15	 0.7094
28.54	 27.65	 13.15	 1.0007
9.51	 27.65	 14.85	 1.3092
9.23	 27.05	 14.85	 1.7407
0.0	 29.65	 14.05	 1.8165
0.0	 29.65	 14.05	 1.5652
0.0	 28.75	 15.15	 2.015
0.0	 28.75	 14.75	 2.5152
0.0	 28.65	 14.75	 2.6234
