2010	01	01	0.0000	 2.3860	 0.0000	 4.4505	 0.0000	 40.6742	 701.1490	 140.2851
2010	01	02	6.3700	 1.6582	 2.3526	 4.4505	 0.0000	 40.5668	 699.1474	 140.2851
2010	01	03	19.1000	 3.1128	 7.0416	 4.4505	 0.0000	 42.7837	 701.4256	 140.2851
2010	01	04	25.4600	 3.3054	 17.7041	 4.4505	 0.0000	 42.7837	 701.4256	 140.2851
2010	01	05	6.3700	 3.7302	 1.0163	 4.4505	 0.0000	 40.2029	 701.1795	 140.2851
2010	01	06	8.1300	 3.8751	 1.5215	 4.4505	 0.0000	 40.1606	 699.5047	 140.2851
2010	01	07	27.8700	 3.5029	 15.3727	 4.4505	 0.0000	 42.7837	 701.4256	 140.2851
2010	01	08	16.2600	 3.0972	 8.7123	 4.4505	 0.0000	 42.7837	 701.4256	 140.2851
2010	01	09	0.0000	 2.7067	 0.0000	 4.4505	 0.0000	 39.0813	 697.9886	 140.2851
2010	01	10	16.2600	 1.5599	 5.8723	 4.4505	 0.0000	 41.7328	 699.6965	 140.2851
2010	01	11	12.9400	 3.7896	 3.4684	 4.4505	 0.0000	 41.4332	 701.2276	 140.2851
2010	01	12	12.9400	 4.3587	 3.3885	 4.4505	 0.0000	 41.9776	 701.4256	 140.2851
2010	01	13	0.0000	 1.6228	 0.0000	 4.4505	 0.0000	 39.0241	 698.3236	 140.2851
2010	01	14	0.0000	 1.7910	 0.0000	 4.4505	 0.0000	 38.1866	 692.9196	 140.2851
2010	01	15	0.0000	 2.0028	 0.0000	 4.4505	 0.0000	 37.6416	 687.0112	 140.2851
2010	01	16	0.0000	 2.0800	 0.0000	 4.4505	 0.0000	 37.2172	 680.9051	 140.2851
2010	01	17	0.0000	 2.0744	 0.0000	 4.4505	 0.0000	 36.8616	 674.7357	 140.2851
2010	01	18	0.0000	 1.8526	 0.0000	 4.4505	 0.0000	 36.5682	 668.7259	 140.2851
2010	01	19	0.0000	 2.0496	 0.0000	 4.4505	 0.0000	 36.2822	 662.5118	 140.2851
2010	01	20	0.0000	 2.1593	 0.0000	 4.4505	 0.0000	 36.0075	 656.1768	 140.2851
2010	01	21	0.0000	 2.1540	 0.0000	 4.4505	 0.0000	 35.7532	 649.8267	 140.2851
2010	01	22	11.1300	 1.7100	 2.3012	 4.4505	 0.0000	 41.4438	 646.7864	 140.2851
2010	01	23	11.1300	 5.8603	 1.0854	 4.4505	 0.0000	 40.6455	 647.3185	 140.2851
2010	01	24	0.0000	 2.5881	 0.0000	 4.4505	 0.0000	 38.7231	 642.2202	 140.2851
2010	01	25	0.0000	 3.0011	 0.0000	 4.4505	 0.0000	 37.9199	 635.5717	 140.2851
2010	01	26	0.0000	 2.8479	 0.0000	 4.4505	 0.0000	 37.3704	 628.8228	 140.2851
2010	01	27	0.0000	 2.3789	 0.0000	 4.4505	 0.0000	 36.9652	 622.3985	 140.2851
2010	01	28	23.1200	 1.8359	 4.2673	 4.4505	 0.0000	 42.4244	 629.4879	 140.2851
2010	01	29	0.0000	 2.3018	 0.0000	 4.4505	 0.0000	 38.9320	 626.2459	 140.2851
2010	01	30	0.0000	 2.2600	 0.0000	 4.4505	 0.0000	 38.1009	 620.3664	 140.2851
2010	01	31	0.0000	 2.4309	 0.0000	 4.4505	 0.0000	 37.5429	 614.0438	 140.2844
2010	02	01	0.0000	 2.6977	 0.0000	 4.3094	 0.0000	 37.0803	 607.8557	 139.9279
2010	02	02	0.0000	 2.6666	 0.0000	 3.8466	 0.0000	 36.6868	 602.2732	 139.3907
2010	02	03	14.2900	 1.7951	 2.3542	 3.4385	 0.0000	 41.8663	 604.1506	 139.0156
2010	02	04	14.2900	 3.4372	 1.8334	 3.3750	 0.0000	 41.5465	 609.8775	 139.2528
2010	02	05	0.0000	 2.3450	 0.0000	 3.6125	 0.0000	 38.8746	 606.4141	 139.4510
2010	02	06	0.0000	 1.8503	 0.0000	 3.5829	 0.0000	 38.0998	 601.9778	 139.2289
2010	02	07	12.8500	 0.9985	 2.1198	 3.3926	 0.0000	 41.7432	 604.8196	 139.0624
2010	02	08	0.0000	 1.5235	 0.0000	 3.3909	 0.0000	 38.9358	 602.6812	 139.1142
2010	02	09	0.0000	 1.9684	 0.0000	 3.3394	 0.0000	 38.1255	 598.3808	 138.9170
2010	02	10	0.0000	 2.0716	 0.0000	 3.1473	 0.0000	 37.5919	 594.0933	 138.5193
2010	02	11	0.0000	 2.1492	 0.0000	 2.7889	 0.0000	 37.1707	 590.1522	 137.9435
2010	02	12	0.0000	 2.1019	 0.0000	 2.4157	 0.0000	 36.8188	 586.5826	 137.3474
2010	02	13	0.0000	 2.0169	 0.0000	 2.0974	 0.0000	 36.5142	 583.3884	 136.7318
2010	02	14	0.0000	 2.2423	 0.0000	 1.8386	 0.0000	 36.2138	 580.2347	 136.1050
2010	02	15	0.0000	 2.6712	 0.0000	 1.6560	 0.0000	 35.8957	 576.8942	 135.4365
2010	02	16	0.0000	 2.4759	 0.0000	 1.5351	 0.0000	 35.6182	 573.8804	 134.7168
2010	02	17	4.2600	 1.9315	 0.6063	 1.4457	 0.0000	 38.8083	 571.6959	 133.9673
2010	02	18	12.7900	 4.9458	 1.1295	 1.3900	 0.0000	 41.1801	 575.3079	 133.3082
2010	02	19	8.5300	 4.6161	 0.5722	 1.3727	 0.0000	 40.4074	 578.5036	 132.8541
2010	02	20	0.0000	 1.9667	 0.0000	 1.3648	 0.0000	 38.7070	 577.3198	 132.4272
2010	02	21	0.0000	 1.8598	 0.0000	 1.3481	 0.0000	 38.0007	 575.3219	 131.9236
2010	02	22	12.0200	 1.2508	 1.7656	 1.3299	 0.0000	 41.6862	 579.7585	 131.4546
2010	02	23	12.0200	 6.2605	 0.8614	 1.3396	 0.0000	 40.8167	 584.2904	 131.3508
2010	02	24	0.0000	 2.1171	 0.0000	 1.3699	 0.0000	 38.7841	 582.9186	 131.2886
2010	02	25	0.0000	 2.2140	 0.0000	 1.3819	 0.0000	 38.0191	 580.3271	 131.0493
2010	02	26	0.0000	 2.1570	 0.0000	 1.3694	 0.0000	 37.5060	 577.7076	 130.6554
2010	02	27	1.7900	 1.7635	 0.2577	 1.3424	 0.0000	 38.4594	 575.6560	 130.1596
2010	02	28	0.0000	 2.4731	 0.0000	 1.3117	 0.0000	 37.7917	 573.1362	 129.5827
2010	03	01	0.0000	 2.4544	 0.0000	 1.2838	 0.0000	 37.3028	 570.5404	 128.9293
2010	03	02	16.5300	 1.6417	 2.3953	 1.2669	 0.0000	 42.0733	 577.5607	 128.3442
2010	03	03	8.2700	 5.5573	 0.3986	 1.2703	 0.0000	 40.0649	 580.8035	 128.1537
2010	03	04	8.2700	 6.5784	 0.2480	 1.2855	 0.0000	 39.4958	 581.6643	 128.0211
2010	03	05	16.5300	 6.8459	 1.4727	 1.2949	 0.0000	 41.4089	 586.6874	 128.0005
2010	03	06	5.4000	 5.7826	 0.0000	 1.3377	 0.0000	 38.9634	 587.1645	 128.2688
2010	03	07	5.4000	 1.5059	 0.8242	 1.3820	 0.0000	 40.6496	 586.9997	 128.4149
2010	03	08	5.4000	 5.6628	 0.0000	 1.4126	 0.0000	 38.8638	 586.9645	 128.5810
2010	03	09	0.0000	 2.0895	 0.0000	 1.4229	 0.0000	 38.0755	 584.2501	 128.5713
2010	03	10	0.0000	 2.6289	 0.0000	 1.3959	 0.0000	 37.5074	 581.0180	 128.3466
2010	03	11	0.0000	 2.7216	 0.0000	 1.3513	 0.0000	 37.0492	 577.7936	 127.9562
2010	03	12	0.0000	 2.4713	 0.0000	 1.3059	 0.0000	 36.6777	 574.8925	 127.4516
2010	03	13	0.0000	 2.6272	 0.0000	 1.2685	 0.0000	 36.3279	 571.9476	 126.8506
2010	03	14	0.0000	 2.4529	 0.0000	 1.2449	 0.0000	 36.0210	 569.2366	 126.1706
2010	03	15	0.0000	 2.3163	 0.0000	 1.2297	 0.0000	 35.7500	 566.7092	 125.4231
2010	03	16	0.0000	 2.3023	 0.0000	 1.2168	 0.0000	 35.4977	 564.2452	 124.6204
2010	03	17	0.0000	 2.5506	 0.0000	 1.2061	 0.0000	 35.2380	 561.6018	 123.7667
2010	03	18	0.0000	 2.3932	 0.0000	 1.1952	 0.0000	 35.0060	 559.1373	 122.8748
2010	03	19	0.0000	 2.0062	 0.0000	 1.1840	 0.0000	 34.8174	 557.0510	 121.9594
2010	03	20	4.8700	 1.4466	 0.6484	 1.1726	 0.0000	 38.6884	 555.6885	 121.0331
2010	03	21	0.0000	 1.8988	 0.0000	 1.1610	 0.0000	 37.9578	 554.3123	 120.1003
2010	03	22	0.0000	 2.0001	 0.0000	 1.1494	 0.0000	 37.4621	 552.5987	 119.1601
2010	03	23	0.0000	 1.8179	 0.0000	 1.1377	 0.0000	 37.0871	 550.9627	 118.2156
2010	03	24	14.3500	 1.4133	 1.9191	 1.1261	 0.0000	 41.9184	 556.9150	 117.3032
2010	03	25	21.5300	 5.9738	 2.1691	 1.1160	 0.0000	 42.0130	 569.7507	 116.6439
2010	03	26	0.0000	 1.8459	 0.0000	 1.1095	 0.0000	 38.9368	 570.3345	 116.2012
2010	03	27	7.7400	 1.2197	 1.1102	 1.1040	 0.0000	 41.1507	 572.8220	 115.7855
2010	03	28	23.2300	 5.3951	 2.6542	 1.1007	 0.0000	 42.1656	 585.8609	 115.8116
2010	03	29	7.7400	 5.7998	 0.2924	 1.1063	 0.0000	 39.7957	 588.1002	 116.4837
2010	03	30	0.0000	 1.5963	 0.0000	 1.1392	 0.0000	 38.5335	 586.1217	 117.0092
2010	03	31	0.0000	 1.6841	 0.0000	 1.1783	 0.0000	 37.9052	 583.6332	 117.2636
2010	04	01	0.0000	 1.6079	 0.0000	 1.1887	 0.0000	 37.4683	 581.2337	 117.3034
2010	04	02	0.0000	 1.6435	 0.0000	 1.1801	 0.0000	 37.1158	 578.8840	 117.1820
2010	04	03	0.0000	 1.6968	 0.0000	 1.1644	 0.0000	 36.8100	 576.5766	 116.9340
2010	04	04	0.0000	 1.7080	 0.0000	 1.1475	 0.0000	 36.5369	 574.3446	 116.5836
2010	04	05	0.0000	 1.6990	 0.0000	 1.1311	 0.0000	 36.2880	 572.1982	 116.1488
2010	04	06	0.0000	 1.7307	 0.0000	 1.1159	 0.0000	 36.0538	 570.0910	 115.6436
2010	04	07	0.0000	 1.7840	 0.0000	 1.1022	 0.0000	 35.8307	 567.9935	 115.0780
2010	04	08	0.0000	 1.7605	 0.0000	 1.0904	 0.0000	 35.6231	 565.9672	 114.4610
2010	04	09	0.0000	 1.6359	 0.0000	 1.0812	 0.0000	 35.4380	 564.0943	 113.8018
2010	04	10	0.0000	 1.7487	 0.0000	 1.0728	 0.0000	 35.2517	 562.1572	 113.1038
2010	04	11	0.0000	 1.7567	 0.0000	 1.0639	 0.0000	 35.0728	 560.2461	 112.3732
2010	04	12	0.0000	 1.6646	 0.0000	 1.0547	 0.0000	 34.9090	 558.4470	 111.6168
2010	04	13	0.0000	 1.5871	 0.0000	 1.0452	 0.0000	 34.7575	 556.7421	 110.8408
2010	04	14	31.6700	 1.3106	 4.4230	 1.0358	 0.0000	 42.8782	 574.1280	 110.2162
2010	04	15	0.0000	 1.6417	 0.0000	 1.0317	 0.0000	 38.9748	 575.4928	 110.1001
2010	04	16	0.0000	 1.6231	 0.0000	 1.0300	 0.0000	 38.1737	 573.8167	 109.9242
2010	04	17	0.0000	 1.6565	 0.0000	 1.0273	 0.0000	 37.6625	 571.9113	 109.6571
2010	04	18	0.0000	 1.7675	 0.0000	 1.0234	 0.0000	 37.2628	 569.8735	 109.3037
2010	04	19	0.0000	 1.9500	 0.0000	 1.0186	 0.0000	 36.9130	 567.6860	 108.8724
2010	04	20	0.0000	 1.9010	 0.0000	 1.0128	 0.0000	 36.6105	 565.5718	 108.3753
2010	04	21	0.0000	 1.6952	 0.0000	 1.0063	 0.0000	 36.3553	 563.6727	 107.8280
2010	04	22	0.0000	 1.6944	 0.0000	 0.9993	 0.0000	 36.1191	 561.8051	 107.2381
2010	04	23	0.0000	 1.7123	 0.0000	 0.9918	 0.0000	 35.8983	 559.9476	 106.6124
2010	04	24	0.0000	 1.7548	 0.0000	 0.9838	 0.0000	 35.6871	 558.0774	 105.9552
2010	04	25	0.0000	 1.6578	 0.0000	 0.9755	 0.0000	 35.4966	 556.3167	 105.2732
2010	04	26	0.0000	 1.4933	 0.0000	 0.9669	 0.0000	 35.3301	 554.7223	 104.5739
2010	04	27	0.0000	 1.4402	 0.0000	 0.9582	 0.0000	 35.1755	 553.1922	 103.8603
2010	04	28	0.0000	 1.3535	 0.0000	 0.9492	 0.0000	 35.0343	 551.7546	 103.1362
2010	04	29	0.0000	 1.4246	 0.0000	 0.9402	 0.0000	 34.8922	 550.2674	 102.4008
2010	04	30	0.0000	 1.4331	 0.0000	 0.9310	 0.0000	 34.7541	 548.7849	 101.6572
2010	05	01	0.0000	 1.2698	 0.0000	 0.9218	 0.0000	 34.6298	 547.4672	 100.9077
2010	05	02	0.0000	 1.4998	 0.0000	 0.9124	 0.0000	 34.4888	 545.9531	 100.1506
2010	05	03	0.0000	 1.4888	 0.0000	 0.9030	 0.0000	 34.3513	 544.4597	 99.3896
2010	05	04	0.0000	 1.4476	 0.0000	 0.8935	 0.0000	 34.2198	 543.0140	 98.6258
2010	05	05	22.8700	 1.1592	 2.9835	 0.8841	 0.0000	 42.4916	 553.2888	 97.9046
2010	05	06	0.0000	 1.4073	 0.0000	 0.8763	 0.0000	 38.9802	 555.0985	 97.3405
2010	05	07	0.0000	 1.4404	 0.0000	 0.8693	 0.0000	 38.1908	 554.1396	 96.7790
2010	05	08	0.0000	 1.4888	 0.0000	 0.8623	 0.0000	 37.6893	 552.8652	 96.2038
2010	05	09	0.0000	 1.6338	 0.0000	 0.8550	 0.0000	 37.2966	 551.3615	 95.6114
2010	05	10	0.0000	 1.7490	 0.0000	 0.8476	 0.0000	 36.9610	 549.7099	 95.0020
2010	05	11	0.0000	 1.6698	 0.0000	 0.8399	 0.0000	 36.6751	 548.1092	 94.3788
2010	05	12	0.0000	 1.4591	 0.0000	 0.8322	 0.0000	 36.4362	 546.6885	 93.7472
2010	05	13	0.0000	 1.4669	 0.0000	 0.8243	 0.0000	 36.2143	 545.2594	 93.1070
2010	05	14	0.0000	 1.4410	 0.0000	 0.8163	 0.0000	 36.0094	 543.8536	 92.4604
2010	05	15	0.0000	 1.5034	 0.0000	 0.8082	 0.0000	 35.8102	 542.3944	 91.8072
2010	05	16	0.0000	 1.5050	 0.0000	 0.8001	 0.0000	 35.6205	 540.9371	 91.1491
2010	05	17	0.0000	 1.4197	 0.0000	 0.7919	 0.0000	 35.4471	 539.5595	 90.4884
2010	05	18	0.0000	 1.3232	 0.0000	 0.7837	 0.0000	 35.2896	 538.2719	 89.8266
2010	05	19	0.0000	 1.3541	 0.0000	 0.7755	 0.0000	 35.1344	 536.9617	 89.1625
2010	05	20	0.0000	 1.3549	 0.0000	 0.7672	 0.0000	 34.9839	 535.6554	 88.4972
2010	05	21	0.0000	 1.3343	 0.0000	 0.7590	 0.0000	 34.8392	 534.3706	 87.8334
2010	05	22	0.0000	 1.3161	 0.0000	 0.7508	 0.0000	 34.6996	 533.1060	 87.1706
2010	05	23	0.0000	 1.2309	 0.0000	 0.7426	 0.0000	 34.5710	 531.9219	 86.5100
2010	05	24	0.0000	 1.3119	 0.0000	 0.7344	 0.0000	 34.4376	 530.6694	 85.8495
2010	05	25	0.0000	 1.2851	 0.0000	 0.7262	 0.0000	 34.3093	 529.4446	 85.1913
2010	05	26	0.0000	 1.2359	 0.0000	 0.7180	 0.0000	 34.1877	 528.2671	 84.5366
2010	05	27	0.0000	 1.2370	 0.0000	 0.7099	 0.0000	 34.0679	 527.0916	 83.8848
2010	05	28	0.0000	 1.2975	 0.0000	 0.7019	 0.0000	 33.9445	 525.8646	 83.2359
2010	05	29	0.0000	 1.2636	 0.0000	 0.6938	 0.0000	 33.8260	 524.6703	 82.5913
2010	05	30	0.0000	 1.2438	 0.0000	 0.6859	 0.0000	 33.7107	 523.4950	 81.9523
2010	05	31	0.0000	 1.3335	 0.0000	 0.6780	 0.0000	 33.5886	 522.2412	 81.3167
2010	06	01	0.0000	 1.2958	 0.0000	 0.6701	 0.0000	 33.4714	 521.0229	 80.6863
2010	06	02	0.0000	 1.2138	 0.0000	 0.6623	 0.0000	 33.3627	 519.8797	 80.0621
2010	06	03	0.0000	 1.0795	 0.0000	 0.6546	 0.0000	 33.2668	 518.8587	 79.4449
2010	06	04	0.0000	 0.9956	 0.0000	 0.6470	 0.0000	 33.1792	 517.9144	 78.8342
2010	06	05	0.0000	 1.1423	 0.0000	 0.6394	 0.0000	 33.0804	 516.8389	 78.2268
2010	06	06	0.0000	 1.1315	 0.0000	 0.6319	 0.0000	 32.9837	 515.7741	 77.6249
2010	06	07	0.0000	 1.0940	 0.0000	 0.6245	 0.0000	 32.8911	 514.7437	 77.0293
2010	06	08	0.0000	 1.0897	 0.0000	 0.6172	 0.0000	 32.7998	 513.7176	 76.4399
2010	06	09	0.0000	 1.0790	 0.0000	 0.6099	 0.0000	 32.7098	 512.7022	 75.8564
2010	06	10	0.0000	 1.0671	 0.0000	 0.6027	 0.0000	 32.6216	 511.6981	 75.2788
2010	06	11	0.0000	 1.1592	 0.0000	 0.5955	 0.0000	 32.5267	 510.6113	 74.7058
2010	06	12	0.0000	 1.1964	 0.0000	 0.5885	 0.0000	 32.4293	 509.4911	 74.1386
2010	06	13	0.0000	 1.0959	 0.0000	 0.5815	 0.0000	 32.3409	 508.4625	 73.5782
2010	06	14	0.0000	 1.0331	 0.0000	 0.5746	 0.0000	 32.2585	 507.4914	 73.0241
2010	06	15	0.0000	 1.0029	 0.0000	 0.5677	 0.0000	 32.1792	 506.5479	 72.4762
2010	06	16	0.0000	 0.9904	 0.0000	 0.5610	 0.0000	 32.1015	 505.6161	 71.9344
2010	06	17	0.0000	 0.9892	 0.0000	 0.5543	 0.0000	 32.0244	 504.6853	 71.3988
2010	06	18	0.0000	 0.8503	 0.0000	 0.5477	 0.0000	 31.9586	 503.8816	 70.8703
2010	06	19	0.0000	 0.8726	 0.0000	 0.5411	 0.0000	 31.8915	 503.0574	 70.3479
2010	06	20	0.0000	 1.0107	 0.0000	 0.5347	 0.0000	 31.8137	 502.1072	 69.8305
2010	06	21	0.0000	 1.0373	 0.0000	 0.5283	 0.0000	 31.7344	 501.1324	 69.3190
2010	06	22	0.0000	 0.9599	 0.0000	 0.5220	 0.0000	 31.6621	 500.2283	 68.8134
2010	06	23	0.0000	 0.9002	 0.0000	 0.5158	 0.0000	 31.5950	 499.3792	 68.3138
2010	06	24	0.0000	 0.9317	 0.0000	 0.5096	 0.0000	 31.5260	 498.5015	 67.8191
2010	06	25	0.0000	 0.9621	 0.0000	 0.5035	 0.0000	 31.4553	 497.5963	 67.3293
2010	06	26	0.0000	 0.9766	 0.0000	 0.4974	 0.0000	 31.3841	 496.6784	 66.8445
2010	06	27	0.0000	 0.9810	 0.0000	 0.4915	 0.0000	 31.3133	 495.7568	 66.3644
2010	06	28	0.0000	 0.9702	 0.0000	 0.4855	 0.0000	 31.2438	 494.8456	 65.8893
2010	06	29	0.0000	 0.9545	 0.0000	 0.4797	 0.0000	 31.1762	 493.9490	 65.4194
2010	06	30	0.0000	 0.9297	 0.0000	 0.4739	 0.0000	 31.1110	 493.0754	 64.9546
2010	07	01	0.0000	 0.8719	 0.0000	 0.4681	 0.0000	 31.0504	 492.2557	 64.4951
2010	07	02	0.0000	 0.8622	 0.0000	 0.4625	 0.0000	 30.9903	 491.4389	 64.0471
2010	07	03	0.0000	 0.8423	 0.0000	 0.4570	 0.0000	 30.9321	 490.6409	 63.6042
2010	07	04	0.0000	 0.8353	 0.0000	 0.4515	 0.0000	 30.8747	 489.8495	 63.1661
2010	07	05	0.0000	 0.8107	 0.0000	 0.4461	 0.0000	 30.8194	 489.0811	 62.7330
2010	07	06	0.0000	 0.8297	 0.0000	 0.4408	 0.0000	 30.7633	 488.2951	 62.3048
2010	07	07	0.0000	 0.8132	 0.0000	 0.4355	 0.0000	 30.7087	 487.5244	 61.8814
2010	07	08	0.0000	 0.8216	 0.0000	 0.4302	 0.0000	 30.6541	 486.7458	 61.4627
2010	07	09	0.0000	 0.8444	 0.0000	 0.4251	 0.0000	 30.5982	 485.9461	 61.0488
2010	07	10	0.0000	 0.8542	 0.0000	 0.4200	 0.0000	 30.5421	 485.1373	 60.6396
2010	07	11	0.0000	 0.8562	 0.0000	 0.4149	 0.0000	 30.4862	 484.3266	 60.2350
2010	07	12	0.0000	 0.8287	 0.0000	 0.4099	 0.0000	 30.4327	 483.5414	 59.8351
2010	07	13	0.0000	 0.7957	 0.0000	 0.4050	 0.0000	 30.3818	 482.7870	 59.4397
2010	07	14	0.0000	 0.8099	 0.0000	 0.4001	 0.0000	 30.3305	 482.0192	 59.0488
2010	07	15	0.0000	 0.8157	 0.0000	 0.3953	 0.0000	 30.2791	 481.2460	 58.6624
2010	07	16	0.0000	 0.8090	 0.0000	 0.3905	 0.0000	 30.2285	 480.4790	 58.2805
2010	07	17	0.0000	 0.7818	 0.0000	 0.3858	 0.0000	 30.1802	 479.7372	 57.9029
2010	07	18	0.0000	 0.7399	 0.0000	 0.3812	 0.0000	 30.1348	 479.0347	 57.5298
2010	07	19	0.0000	 0.7202	 0.0000	 0.3766	 0.0000	 30.0908	 478.3508	 57.1609
2010	07	20	0.0000	 0.7362	 0.0000	 0.3720	 0.0000	 30.0461	 477.6519	 56.7964
2010	07	21	0.0000	 0.7610	 0.0000	 0.3675	 0.0000	 30.0002	 476.9297	 56.4361
2010	07	22	0.0000	 0.7805	 0.0000	 0.3631	 0.0000	 29.9534	 476.1890	 56.0800
2010	07	23	0.0000	 0.7654	 0.0000	 0.3587	 0.0000	 29.9080	 475.4623	 55.7280
2010	07	24	0.0000	 0.7466	 0.0000	 0.3543	 0.0000	 29.8641	 474.7531	 55.3801
2010	07	25	0.0000	 0.7362	 0.0000	 0.3500	 0.0000	 29.8212	 474.0536	 55.0364
2010	07	26	0.0000	 0.6957	 0.0000	 0.3458	 0.0000	 29.7810	 473.3921	 54.6966
2010	07	27	0.0000	 0.6855	 0.0000	 0.3416	 0.0000	 29.7416	 472.7401	 54.3608
2010	07	28	0.0000	 0.7246	 0.0000	 0.3375	 0.0000	 29.7001	 472.0512	 54.0290
2010	07	29	0.0000	 0.7214	 0.0000	 0.3334	 0.0000	 29.6592	 471.3653	 53.7011
2010	07	30	0.0000	 0.6936	 0.0000	 0.3293	 0.0000	 29.6203	 470.7053	 53.3771
2010	07	31	0.0000	 0.6872	 0.0000	 0.3253	 0.0000	 29.5821	 470.0512	 53.0569
2010	08	01	0.0000	 0.6448	 0.0000	 0.3214	 0.0000	 29.5466	 469.4369	 52.7405
2010	08	02	0.0000	 0.6511	 0.0000	 0.3175	 0.0000	 29.5110	 468.8166	 52.4278
2010	08	03	0.0000	 0.6451	 0.0000	 0.3136	 0.0000	 29.4760	 468.2019	 52.1189
2010	08	04	0.0000	 0.6505	 0.0000	 0.3098	 0.0000	 29.4409	 467.5819	 51.8136
2010	08	05	0.0000	 0.6414	 0.0000	 0.3060	 0.0000	 29.4066	 466.9704	 51.5119
2010	08	06	0.0000	 0.6182	 0.0000	 0.3023	 0.0000	 29.3738	 466.3808	 51.2139
2010	08	07	0.0000	 0.6329	 0.0000	 0.2986	 0.0000	 29.3403	 465.7771	 50.9194
2010	08	08	0.0000	 0.6388	 0.0000	 0.2950	 0.0000	 29.3069	 465.1678	 50.6284
2010	08	09	0.0000	 0.6324	 0.0000	 0.2914	 0.0000	 29.2740	 464.5643	 50.3409
2010	08	10	0.0000	 0.6139	 0.0000	 0.2879	 0.0000	 29.2419	 463.9787	 50.0569
2010	08	11	0.0000	 0.5937	 0.0000	 0.2844	 0.0000	 29.2112	 463.4120	 49.7762
2010	08	12	0.0000	 0.6039	 0.0000	 0.2809	 0.0000	 29.1797	 462.8360	 49.4989
2010	08	13	0.0000	 0.6252	 0.0000	 0.2775	 0.0000	 29.1459	 462.2411	 49.2249
2010	08	14	0.0000	 0.6342	 0.0000	 0.2741	 0.0000	 29.1108	 461.6386	 48.9542
2010	08	15	0.0000	 0.6152	 0.0000	 0.2708	 0.0000	 29.0765	 461.0545	 48.6867
2010	08	16	0.0000	 0.6011	 0.0000	 0.2675	 0.0000	 29.0439	 460.4828	 48.4225
2010	08	17	0.0000	 0.5590	 0.0000	 0.2642	 0.0000	 29.0141	 459.9504	 48.1614
2010	08	18	0.0000	 0.5798	 0.0000	 0.2610	 0.0000	 28.9829	 459.3988	 47.9034
2010	08	19	0.0000	 0.6044	 0.0000	 0.2578	 0.0000	 28.9498	 458.8245	 47.6486
2010	08	20	0.0000	 0.5852	 0.0000	 0.2547	 0.0000	 28.9169	 458.2693	 47.3968
2010	08	21	0.0000	 0.5706	 0.0000	 0.2516	 0.0000	 28.8847	 457.7280	 47.1481
2010	08	22	0.0000	 0.5857	 0.0000	 0.2485	 0.0000	 28.8512	 457.1731	 46.9023
2010	08	23	0.0000	 0.5852	 0.0000	 0.2455	 0.0000	 28.8170	 456.6194	 46.6595
2010	08	24	0.0000	 0.5853	 0.0000	 0.2425	 0.0000	 28.7826	 456.0660	 46.4196
2010	08	25	0.0000	 0.5685	 0.0000	 0.2395	 0.0000	 28.7492	 455.5283	 46.1826
2010	08	26	0.0000	 0.5203	 0.0000	 0.2366	 0.0000	 28.7190	 455.0357	 45.9485
2010	08	27	0.0000	 0.5414	 0.0000	 0.2337	 0.0000	 28.6868	 454.5242	 45.7172
2010	08	28	0.0000	 0.5365	 0.0000	 0.2308	 0.0000	 28.6545	 454.0177	 45.4887
2010	08	29	0.0000	 0.4984	 0.0000	 0.2280	 0.0000	 28.6249	 453.5466	 45.2629
2010	08	30	0.0000	 0.5001	 0.0000	 0.2252	 0.0000	 28.5955	 453.0737	 45.0399
2010	08	31	0.0000	 0.4908	 0.0000	 0.2225	 0.0000	 28.5666	 452.6097	 44.8195
2010	09	01	0.0000	 0.5192	 0.0000	 0.2198	 0.0000	 28.5363	 452.1186	 44.6019
2010	09	02	0.0000	 0.5151	 0.0000	 0.2171	 0.0000	 28.5055	 451.6323	 44.3868
2010	09	03	0.0000	 0.5081	 0.0000	 0.2144	 0.0000	 28.4748	 451.1529	 44.1744
2010	09	04	0.0000	 0.5181	 0.0000	 0.2118	 0.0000	 28.4430	 450.6647	 43.9646
2010	09	05	0.0000	 0.5111	 0.0000	 0.2092	 0.0000	 28.4111	 450.1835	 43.7572
2010	09	06	0.0000	 0.5018	 0.0000	 0.2067	 0.0000	 28.3785	 449.7125	 43.5524
2010	09	07	0.0000	 0.5105	 0.0000	 0.2041	 0.0000	 28.3461	 449.2326	 43.3501
2010	09	08	0.0000	 0.5106	 0.0000	 0.2016	 0.0000	 28.3134	 448.7530	 43.1502
2010	09	09	0.0000	 0.5054	 0.0000	 0.1992	 0.0000	 28.2799	 448.2793	 42.9527
2010	09	10	0.0000	 0.4878	 0.0000	 0.1967	 0.0000	 28.2466	 447.8232	 42.7577
2010	09	11	0.0000	 0.4761	 0.0000	 0.1943	 0.0000	 28.2155	 447.3766	 42.5650
2010	09	12	0.0000	 0.4548	 0.0000	 0.1920	 0.0000	 28.1867	 446.9490	 42.3746
2010	09	13	0.0000	 0.4395	 0.0000	 0.1896	 0.0000	 28.1737	 446.5210	 42.1866
2010	09	14	0.0000	 0.4442	 0.0000	 0.1873	 0.0000	 28.1626	 446.0864	 42.0008
2010	09	15	0.0000	 0.4493	 0.0000	 0.1850	 0.0000	 28.1512	 445.6469	 41.8173
2010	09	16	0.0000	 0.4421	 0.0000	 0.1827	 0.0000	 28.1399	 445.2146	 41.6360
2010	09	17	0.0000	 0.4325	 0.0000	 0.1805	 0.0000	 28.1288	 444.7917	 41.4569
2010	09	18	0.0000	 0.4246	 0.0000	 0.1783	 0.0000	 28.1182	 444.3763	 41.2800
2010	09	19	0.0000	 0.4177	 0.0000	 0.1761	 0.0000	 28.1074	 443.9681	 41.1052
2010	09	20	0.0000	 0.4155	 0.0000	 0.1740	 0.0000	 28.0962	 443.5624	 40.9326
2010	09	21	0.0000	 0.4043	 0.0000	 0.1718	 0.0000	 28.0851	 443.1679	 40.7621
2010	09	22	0.0000	 0.3928	 0.0000	 0.1697	 0.0000	 28.0741	 442.7848	 40.5936
2010	09	23	0.0000	 0.3849	 0.0000	 0.1677	 0.0000	 28.0636	 442.4091	 40.4272
2010	09	24	0.0000	 0.3927	 0.0000	 0.1656	 0.0000	 28.0526	 442.0262	 40.2628
2010	09	25	0.0000	 0.3953	 0.0000	 0.1636	 0.0000	 28.0409	 441.6414	 40.1004
2010	09	26	0.0000	 0.3917	 0.0000	 0.1616	 0.0000	 28.0289	 441.2606	 39.9400
2010	09	27	0.0000	 0.3858	 0.0000	 0.1596	 0.0000	 28.0170	 440.8856	 39.7816
2010	09	28	0.0000	 0.3554	 0.0000	 0.1576	 0.0000	 28.0064	 440.5396	 39.6250
2010	09	29	0.0000	 0.3500	 0.0000	 0.1557	 0.0000	 27.9965	 440.1985	 39.4704
2010	09	30	0.0000	 0.3639	 0.0000	 0.1538	 0.0000	 27.9858	 439.8442	 39.3177
2010	10	01	0.0000	 0.3773	 0.0000	 0.1519	 0.0000	 27.9745	 439.4771	 39.1668
2010	10	02	0.0000	 0.3878	 0.0000	 0.1501	 0.0000	 27.9627	 439.1001	 39.0178
2010	10	03	0.0000	 0.3865	 0.0000	 0.1482	 0.0000	 27.9508	 438.7246	 38.8706
2010	10	04	0.0000	 0.3805	 0.0000	 0.1464	 0.0000	 27.9391	 438.3548	 38.7251
2010	10	05	0.0000	 0.3813	 0.0000	 0.1446	 0.0000	 27.9272	 437.9844	 38.5815
2010	10	06	0.0000	 0.3809	 0.0000	 0.1428	 0.0000	 27.9154	 437.6144	 38.4396
2010	10	07	0.0000	 0.3875	 0.0000	 0.1411	 0.0000	 27.9036	 437.2378	 38.2994
2010	10	08	0.0000	 0.4043	 0.0000	 0.1394	 0.0000	 27.8913	 436.8449	 38.1609
2010	10	09	0.0000	 0.4382	 0.0000	 0.1376	 0.0000	 27.8775	 436.4197	 38.0241
2010	10	10	0.0000	 0.4454	 0.0000	 0.1360	 0.0000	 27.8632	 435.9877	 37.8890
2010	10	11	0.0000	 0.4141	 0.0000	 0.1343	 0.0000	 27.8500	 435.5860	 37.7555
2010	10	12	0.0000	 0.3929	 0.0000	 0.1326	 0.0000	 27.8372	 435.2051	 37.6237
2010	10	13	0.0000	 0.3941	 0.0000	 0.1310	 0.0000	 27.8244	 434.8230	 37.4935
2010	10	14	0.0000	 0.3950	 0.0000	 0.1294	 0.0000	 27.8117	 434.4399	 37.3648
2010	10	15	0.0000	 0.3897	 0.0000	 0.1278	 0.0000	 27.7992	 434.0619	 37.2378
2010	10	16	0.0000	 0.3788	 0.0000	 0.1263	 0.0000	 27.7868	 433.6947	 37.1122
2010	10	17	0.0000	 0.3660	 0.0000	 0.1247	 0.0000	 27.7746	 433.3402	 36.9883
2010	10	18	0.0000	 0.3579	 0.0000	 0.1232	 0.0000	 27.7630	 432.9932	 36.8658
2010	10	19	0.0000	 0.3520	 0.0000	 0.1217	 0.0000	 27.7518	 432.6517	 36.7448
2010	10	20	0.0000	 0.3587	 0.0000	 0.1202	 0.0000	 27.7403	 432.3038	 36.6253
2010	10	21	0.0000	 0.3796	 0.0000	 0.1187	 0.0000	 27.7283	 431.9356	 36.5073
2010	10	22	0.0000	 0.4217	 0.0000	 0.1173	 0.0000	 27.7151	 431.5265	 36.3907
2010	10	23	0.0000	 0.3971	 0.0000	 0.1158	 0.0000	 27.7023	 431.1416	 36.2755
2010	10	24	0.0000	 0.3869	 0.0000	 0.1144	 0.0000	 27.6894	 430.7669	 36.1617
2010	10	25	0.4600	 0.3638	 0.0367	 0.1130	 0.0000	 28.0821	 430.4153	 36.0493
2010	10	26	0.0000	 0.4304	 0.0000	 0.1116	 0.0000	 28.0447	 430.0396	 35.9383
2010	10	27	4.9300	 0.3508	 0.4104	 0.1102	 0.0000	 32.5141	 429.7206	 35.8287
2010	10	28	0.0000	 0.4722	 0.0000	 0.1089	 0.0000	 32.3937	 429.3861	 35.7204
2010	10	29	0.0000	 0.4446	 0.0000	 0.1075	 0.0000	 32.2782	 429.0564	 35.6134
2010	10	30	0.0000	 0.4440	 0.0000	 0.1062	 0.0000	 32.1674	 428.7227	 35.5077
2010	10	31	0.0000	 0.4520	 0.0000	 0.1049	 0.0000	 32.0576	 428.3799	 35.4033
2010	11	01	0.0000	 0.4687	 0.0000	 0.1036	 0.0000	 31.9460	 428.0222	 35.3002
2010	11	02	0.0000	 0.4659	 0.0000	 0.1024	 0.0000	 31.8389	 427.6629	 35.1984
2010	11	03	0.0000	 0.4705	 0.0000	 0.1011	 0.0000	 31.7332	 427.2977	 35.0978
2010	11	04	0.0000	 0.4544	 0.0000	 0.0999	 0.0000	 31.6296	 426.9464	 34.9984
2010	11	05	0.0000	 0.4416	 0.0000	 0.0986	 0.0000	 31.5331	 426.6007	 34.9003
2010	11	06	0.0000	 0.4406	 0.0000	 0.0974	 0.0000	 31.4399	 426.2528	 34.8033
2010	11	07	0.0000	 0.4562	 0.0000	 0.0962	 0.0000	 31.3435	 425.8926	 34.7076
2010	11	08	0.0000	 0.4718	 0.0000	 0.0951	 0.0000	 31.2466	 425.5173	 34.6130
2010	11	09	0.0000	 0.4400	 0.0000	 0.0939	 0.0000	 31.1559	 425.1675	 34.5196
2010	11	10	0.0000	 0.4268	 0.0000	 0.0927	 0.0000	 31.0713	 424.8248	 34.4273
2010	11	11	0.0000	 0.4214	 0.0000	 0.0916	 0.0000	 30.9898	 424.4845	 34.3361
2010	11	12	0.0000	 0.4075	 0.0000	 0.0905	 0.0000	 30.9108	 424.1555	 34.2461
2010	11	13	0.0000	 0.4060	 0.0000	 0.0894	 0.0000	 30.8323	 423.8276	 34.1571
2010	11	14	0.0000	 0.3902	 0.0000	 0.0883	 0.0000	 30.7556	 423.5137	 34.0693
2010	11	15	3.6800	 0.1908	 0.3013	 0.0872	 0.0000	 34.0422	 423.3960	 33.9825
2010	11	16	0.0000	 0.3143	 0.0000	 0.0861	 0.0000	 33.8650	 423.2771	 33.8968
2010	11	17	0.0000	 0.3078	 0.0000	 0.0851	 0.0000	 33.6887	 423.1451	 33.8122
2010	11	18	0.0000	 0.3072	 0.0000	 0.0840	 0.0000	 33.5173	 423.0089	 33.7285
2010	11	19	0.0000	 0.3039	 0.0000	 0.0830	 0.0000	 33.3512	 422.8707	 33.6460
2010	11	20	12.3900	 0.2602	 1.0392	 0.0820	 0.0000	 41.7174	 425.5761	 33.5644
2010	11	21	12.0800	 10.5549	 0.1255	 0.0810	 0.0000	 39.6735	 429.0256	 33.4842
2010	11	22	0.0000	 0.5790	 0.0000	 0.0800	 0.0000	 38.4411	 429.6901	 33.4050
2010	11	23	0.0000	 0.5537	 0.0000	 0.0790	 0.0000	 37.8138	 429.7629	 33.3267
2010	11	24	0.0000	 0.5429	 0.0000	 0.0780	 0.0000	 37.3617	 429.6713	 33.2495
2010	11	25	0.0000	 0.5295	 0.0000	 0.0771	 0.0000	 36.9947	 429.5080	 33.1731
2010	11	26	4.1800	 0.4778	 0.3575	 0.0761	 0.0000	 39.8355	 429.9925	 33.0978
2010	11	27	0.0000	 0.5653	 0.0000	 0.0752	 0.0000	 38.5329	 430.7477	 33.0234
2010	11	28	0.0000	 0.5639	 0.0000	 0.0743	 0.0000	 37.8745	 430.8412	 32.9500
2010	11	29	0.0000	 0.5773	 0.0000	 0.0734	 0.0000	 37.4018	 430.7358	 32.8775
2010	11	30	0.0000	 0.5757	 0.0000	 0.0725	 0.0000	 37.0149	 430.5461	 32.8058
2010	12	01	13.8300	 0.5370	 1.2093	 0.0716	 0.0000	 41.9341	 437.6900	 32.7353
2010	12	02	0.0000	 0.7718	 0.0000	 0.0707	 0.0000	 38.9010	 439.9692	 32.6662
2010	12	03	0.0000	 0.8303	 0.0000	 0.0699	 0.0000	 38.0680	 439.9701	 32.5981
2010	12	04	0.0000	 0.8069	 0.0000	 0.0690	 0.0000	 37.5186	 439.7108	 32.5308
2010	12	05	0.0000	 0.8022	 0.0000	 0.0682	 0.0000	 37.0855	 439.3400	 32.4644
2010	12	06	19.3500	 0.6569	 1.7614	 0.0674	 0.0000	 42.3390	 450.9962	 32.3994
2010	12	07	12.9000	 4.6921	 0.7688	 0.0666	 0.0000	 41.3099	 459.4592	 32.3379
2010	12	08	0.0000	 1.2011	 0.0000	 0.0659	 0.0000	 38.8512	 460.7299	 32.2786
2010	12	09	6.4500	 0.8261	 0.6221	 0.0651	 0.0000	 40.9723	 463.5838	 32.2207
2010	12	10	19.3500	 9.3883	 0.9654	 0.0644	 0.0000	 41.5072	 472.0352	 32.1663
2010	12	11	10.6000	 9.8476	 0.0795	 0.0638	 0.0000	 39.3695	 474.8400	 32.1154
2010	12	12	0.0000	 1.1692	 0.0000	 0.0632	 0.0000	 38.3295	 474.7097	 32.0657
2010	12	13	0.0000	 1.1374	 0.0000	 0.0626	 0.0000	 37.7408	 474.1475	 32.0166
2010	12	14	0.0000	 1.2342	 0.0000	 0.0619	 0.0000	 37.2893	 473.3516	 31.9679
2010	12	15	0.0000	 1.3067	 0.0000	 0.0613	 0.0000	 36.9063	 472.4149	 31.9196
2010	12	16	0.0000	 1.2396	 0.0000	 0.0607	 0.0000	 36.5764	 471.4926	 31.8714
2010	12	17	0.0000	 1.2082	 0.0000	 0.0602	 0.0000	 36.2766	 470.5718	 31.8236
2010	12	18	0.0000	 1.1654	 0.0000	 0.0596	 0.0000	 36.0046	 469.6664	 31.7760
2010	12	19	0.0000	 1.4215	 0.0000	 0.0590	 0.0000	 35.7239	 468.5141	 31.7286
2010	12	20	8.7100	 0.9167	 0.8575	 0.0584	 0.0000	 41.2254	 469.9171	 31.6820
2010	12	21	0.0000	 1.1177	 0.0000	 0.0578	 0.0000	 38.8692	 471.1607	 31.6386
2010	12	22	9.5100	 0.8308	 0.9570	 0.0573	 0.0000	 41.4660	 476.2495	 31.5983
2010	12	23	9.5100	 4.6744	 0.4872	 0.0568	 0.0000	 40.6870	 481.3529	 31.5654
2010	12	24	28.5400	 5.7693	 2.4318	 0.0565	 0.0000	 42.5193	 499.8198	 31.5486
2010	12	25	9.5100	 6.2751	 0.3473	 0.0565	 0.0000	 40.2425	 504.9110	 31.5653
2010	12	26	9.2300	 7.2014	 0.2162	 0.0568	 0.0000	 39.6506	 507.2406	 31.5844
2010	12	27	0.0000	 1.7079	 0.0000	 0.0570	 0.0000	 38.4002	 506.7281	 31.6010
2010	12	28	0.0000	 1.7818	 0.0000	 0.0572	 0.0000	 37.7673	 505.5099	 31.6131
2010	12	29	0.0000	 1.5872	 0.0000	 0.0573	 0.0000	 37.3225	 504.3023	 31.6210
2010	12	30	0.0000	 1.4954	 0.0000	 0.0574	 0.0000	 36.9641	 503.1040	 31.6248
2010	12	31	0.0000	 1.4601	 0.0000	 0.0574	 0.0000	 36.6537	 501.8967	 31.6251
