2010	01	01	0.0000	 1.4948	 0.0000	 1.4207	 0.0000	 44.3187	 701.4256	 140.2851
2010	01	02	21.9900	 1.3130	 19.0566	 1.4207	 0.0000	 44.5005	 701.4256	 140.2851
2010	01	03	13.2000	 2.9339	 7.5324	 1.4207	 0.0000	 45.8135	 701.4256	 140.2851
2010	01	04	13.2000	 3.8974	 7.8819	 1.4207	 0.0000	 45.8135	 701.4256	 140.2851
2010	01	05	8.8000	 4.1710	 3.2083	 1.4207	 0.0000	 45.8135	 701.4256	 140.2851
2010	01	06	31.7800	 4.1267	 26.2326	 1.4207	 0.0000	 45.8135	 701.4256	 140.2851
2010	01	07	14.5300	 3.7604	 9.3489	 1.4207	 0.0000	 45.8135	 701.4256	 140.2851
2010	01	08	12.7100	 4.1176	 7.1717	 1.4207	 0.0000	 45.8135	 701.4256	 140.2851
2010	01	09	0.0000	 3.3117	 0.0000	 1.4207	 0.0000	 41.1203	 701.4043	 140.2851
2010	01	10	6.3600	 2.2288	 2.4141	 1.4207	 0.0000	 41.5424	 701.2607	 140.2851
2010	01	11	0.0000	 2.5588	 0.0000	 1.4207	 0.0000	 39.3962	 699.4453	 140.2851
2010	01	12	31.9000	 1.5732	 22.0638	 1.4207	 0.0000	 44.2403	 701.4256	 140.2851
2010	01	13	0.0000	 1.7065	 0.0000	 1.4207	 0.0000	 41.1329	 701.4237	 140.2851
2010	01	14	0.0000	 2.0728	 0.0000	 1.4207	 0.0000	 39.2426	 699.8205	 140.2851
2010	01	15	0.0000	 2.0489	 0.0000	 1.4207	 0.0000	 38.2196	 697.3739	 140.2851
2010	01	16	0.0000	 2.4267	 0.0000	 1.4207	 0.0000	 37.6083	 694.1378	 140.2851
2010	01	17	0.0000	 2.3149	 0.0000	 1.4207	 0.0000	 37.1609	 690.8496	 140.2851
2010	01	18	0.0000	 2.0692	 0.0000	 1.4207	 0.0000	 36.8086	 687.7120	 140.2851
2010	01	19	0.0000	 2.1141	 0.0000	 1.4207	 0.0000	 36.4935	 684.4922	 140.2851
2010	01	20	0.0000	 2.4227	 0.0000	 1.4207	 0.0000	 36.1779	 680.9644	 140.2851
2010	01	21	0.0000	 2.2001	 0.0000	 1.4207	 0.0000	 35.9098	 677.6117	 140.2851
2010	01	22	0.0000	 2.1068	 0.0000	 1.4207	 0.0000	 35.6694	 674.3246	 140.2851
2010	01	23	19.7600	 2.0940	 5.0240	 1.4207	 0.0000	 42.1230	 679.0744	 140.2851
2010	01	24	0.0000	 3.3262	 0.0000	 1.4207	 0.0000	 38.8795	 677.5889	 140.2851
2010	01	25	0.0000	 3.0560	 0.0000	 1.4207	 0.0000	 38.0169	 673.9747	 140.2851
2010	01	26	0.0000	 2.9185	 0.0000	 1.4207	 0.0000	 37.4448	 670.2077	 140.2851
2010	01	27	27.1600	 2.1798	 7.0393	 1.4207	 0.0000	 42.5028	 681.6519	 140.2851
2010	01	28	0.0000	 2.7741	 0.0000	 1.4207	 0.0000	 38.9295	 681.0484	 140.2851
2010	01	29	0.0000	 2.5689	 0.0000	 1.4207	 0.0000	 38.0801	 677.9081	 140.2851
2010	01	30	0.0000	 2.7103	 0.0000	 1.4207	 0.0000	 37.5089	 674.3484	 140.2851
2010	01	31	0.0000	 3.0882	 0.0000	 1.4207	 0.0000	 37.0247	 670.3237	 140.2851
2010	02	01	0.0000	 3.7834	 0.0000	 1.4207	 0.0000	 36.5534	 665.5909	 140.2851
2010	02	02	0.0000	 3.0765	 0.0000	 1.4207	 0.0000	 36.1816	 661.4654	 140.2851
2010	02	03	9.1300	 1.7123	 2.0704	 1.4207	 0.0000	 41.0644	 660.4893	 140.2851
2010	02	04	18.2500	 3.1748	 3.6038	 1.4207	 0.0000	 41.8299	 669.7745	 140.2851
2010	02	05	9.1300	 3.6857	 1.3582	 1.4207	 0.0000	 40.6300	 673.6398	 140.2851
2010	02	06	3.7100	 3.8642	 0.0000	 1.4207	 0.0000	 38.8647	 673.8502	 140.2851
2010	02	07	7.4300	 1.2938	 1.9151	 1.4207	 0.0000	 40.9039	 674.5913	 140.2851
2010	02	08	0.0000	 1.8715	 0.0000	 1.4207	 0.0000	 38.8194	 673.4036	 140.2851
2010	02	09	0.0000	 2.0577	 0.0000	 1.4207	 0.0000	 38.0559	 670.6887	 140.2851
2010	02	10	0.0000	 2.0771	 0.0000	 1.4207	 0.0000	 37.5441	 667.7027	 140.2851
2010	02	11	0.0000	 2.0874	 0.0000	 1.4207	 0.0000	 37.1410	 664.5976	 140.2851
2010	02	12	0.0000	 2.1098	 0.0000	 1.4207	 0.0000	 36.7962	 661.4120	 140.2851
2010	02	13	0.0000	 2.1395	 0.0000	 1.4207	 0.0000	 36.4860	 658.1620	 140.2851
2010	02	14	0.0000	 2.2519	 0.0000	 1.4207	 0.0000	 36.1903	 654.7851	 140.2851
2010	02	15	0.0000	 2.6619	 0.0000	 1.4207	 0.0000	 35.8815	 651.0113	 140.2851
2010	02	16	0.0000	 2.5774	 0.0000	 1.4207	 0.0000	 35.6037	 647.2910	 140.2851
2010	02	17	3.4800	 1.6852	 0.7130	 1.4207	 0.0000	 38.0409	 644.4949	 140.2851
2010	02	18	13.9300	 3.8515	 2.0908	 1.4207	 0.0000	 41.3878	 647.7149	 140.2851
2010	02	19	6.9700	 3.9006	 0.6359	 1.4207	 0.0000	 40.1043	 650.0112	 140.2851
2010	02	20	0.0000	 2.3107	 0.0000	 1.4207	 0.0000	 38.6063	 647.7979	 140.2851
2010	02	21	0.0000	 2.1959	 0.0000	 1.4207	 0.0000	 37.9165	 644.8711	 140.2851
2010	02	22	14.8800	 1.1212	 3.1660	 1.4207	 0.0000	 41.8474	 650.0923	 140.2851
2010	02	23	9.9200	 4.3784	 1.1938	 1.4207	 0.0000	 40.6907	 654.1760	 140.2851
2010	02	24	0.0000	 1.8185	 0.0000	 1.4207	 0.0000	 38.7812	 652.8664	 140.2851
2010	02	25	0.0000	 2.1222	 0.0000	 1.4207	 0.0000	 38.0289	 650.0757	 140.2851
2010	02	26	0.0000	 2.2886	 0.0000	 1.4207	 0.0000	 37.5064	 646.8890	 140.2851
2010	02	27	2.2600	 1.9616	 0.4688	 1.4207	 0.0000	 38.6590	 644.1253	 140.2851
2010	02	28	0.0000	 2.7272	 0.0000	 1.4207	 0.0000	 37.9072	 640.7492	 140.2851
2010	03	01	5.9000	 1.5298	 1.2022	 1.4207	 0.0000	 40.5636	 639.8203	 140.2851
2010	03	02	23.6200	 3.7191	 4.2701	 1.4207	 0.0000	 42.1985	 652.3954	 140.2851
2010	03	03	5.9000	 4.1688	 0.3549	 1.4207	 0.0000	 39.6994	 654.8501	 140.2851
2010	03	04	5.9000	 4.6619	 0.2410	 1.4207	 0.0000	 39.2113	 654.9149	 140.2851
2010	03	05	11.8100	 5.3457	 1.4359	 1.4207	 0.0000	 40.7777	 656.9558	 140.2851
2010	03	06	7.9700	 5.6263	 0.4938	 1.4207	 0.0000	 39.8080	 658.3549	 140.2851
2010	03	07	3.9900	 4.2790	 0.0000	 1.4207	 0.0000	 38.6219	 657.8512	 140.2851
2010	03	08	3.9900	 1.5712	 0.9087	 1.4207	 0.0000	 40.0135	 656.5291	 140.2851
2010	03	09	0.0000	 2.1589	 0.0000	 1.4207	 0.0000	 38.5894	 654.3934	 140.2851
2010	03	10	0.0000	 2.5399	 0.0000	 1.4207	 0.0000	 37.8777	 651.1445	 140.2851
2010	03	11	0.0000	 2.5340	 0.0000	 1.4207	 0.0000	 37.3702	 647.6973	 140.2851
2010	03	12	0.0000	 2.6135	 0.0000	 1.4207	 0.0000	 36.9493	 644.0840	 140.2851
2010	03	13	0.0000	 2.2710	 0.0000	 1.4207	 0.0000	 36.6108	 640.7307	 140.2851
2010	03	14	0.0000	 2.3702	 0.0000	 1.4207	 0.0000	 36.2943	 637.2564	 140.2851
2010	03	15	0.0000	 2.1994	 0.0000	 1.4207	 0.0000	 36.0183	 633.9122	 140.2851
2010	03	16	0.0000	 2.2908	 0.0000	 1.4207	 0.0000	 35.7548	 630.4643	 140.2851
2010	03	17	0.0000	 2.2114	 0.0000	 1.4207	 0.0000	 35.5154	 627.0715	 140.2851
2010	03	18	0.0000	 2.1562	 0.0000	 1.4207	 0.0000	 35.2945	 623.7155	 140.2851
2010	03	19	0.0000	 1.8626	 0.0000	 1.4207	 0.0000	 35.1094	 620.6173	 140.2851
2010	03	20	0.0000	 1.6916	 0.0000	 1.4207	 0.0000	 34.9462	 617.6682	 140.2851
2010	03	21	0.0000	 1.9525	 0.0000	 1.4207	 0.0000	 34.7688	 614.4723	 140.2851
2010	03	22	0.0000	 2.4622	 0.0000	 1.4207	 0.0000	 34.5596	 610.8001	 140.2838
2010	03	23	0.0000	 1.9850	 0.0000	 1.4070	 0.0000	 34.3946	 607.6781	 140.1788
2010	03	24	12.6000	 1.2894	 2.1715	 1.3557	 0.0000	 41.6549	 608.3564	 140.0036
2010	03	25	18.9100	 4.6889	 2.5352	 1.3365	 0.0000	 41.8478	 618.3432	 140.1733
2010	03	26	6.5400	 4.3461	 0.3748	 1.4159	 0.0000	 39.8718	 620.6105	 140.2851
2010	03	27	6.5400	 4.6927	 0.3109	 1.4207	 0.0000	 39.5412	 621.0568	 140.2851
2010	03	28	19.6100	 4.8610	 2.7796	 1.4207	 0.0000	 41.8758	 629.2710	 140.2851
2010	03	29	0.0000	 1.5850	 0.0000	 1.4207	 0.0000	 38.9438	 629.2172	 140.2851
2010	03	30	0.0000	 1.5743	 0.0000	 1.4207	 0.0000	 38.1633	 627.0026	 140.2851
2010	03	31	0.0000	 1.6498	 0.0000	 1.4207	 0.0000	 37.6587	 624.4367	 140.2851
2010	04	01	0.0000	 1.6368	 0.0000	 1.4207	 0.0000	 37.2746	 621.7633	 140.2851
2010	04	02	0.0000	 1.7679	 0.0000	 1.4207	 0.0000	 36.9436	 618.9058	 140.2851
2010	04	03	0.0000	 1.7922	 0.0000	 1.4207	 0.0000	 36.6516	 615.9848	 140.2851
2010	04	04	0.0000	 1.7825	 0.0000	 1.4207	 0.0000	 36.3882	 613.0450	 140.2851
2010	04	05	0.0000	 1.7742	 0.0000	 1.4133	 0.0000	 36.1455	 610.1701	 140.2152
2010	04	06	0.0000	 1.8678	 0.0000	 1.3700	 0.0000	 35.9131	 607.3442	 140.0358
2010	04	07	0.0000	 1.9563	 0.0000	 1.3024	 0.0000	 35.6882	 604.5453	 139.8009
2010	04	08	0.0000	 1.9196	 0.0000	 1.2275	 0.0000	 35.4800	 601.8645	 139.5429
2010	04	09	0.0000	 1.7808	 0.0000	 1.1549	 0.0000	 35.2945	 599.3758	 139.2814
2010	04	10	0.0000	 1.8262	 0.0000	 1.0890	 0.0000	 35.1138	 596.8980	 139.0248
2010	04	11	0.0000	 1.8678	 0.0000	 1.0307	 0.0000	 34.9376	 594.4253	 138.7751
2010	04	12	0.0000	 1.8409	 0.0000	 0.9799	 0.0000	 34.7708	 592.0129	 138.5335
2010	04	13	0.0000	 1.7955	 0.0000	 0.9362	 0.0000	 34.6138	 589.6711	 138.3005
2010	04	14	30.4600	 1.4027	 5.0442	 0.9014	 0.0000	 42.7914	 604.7255	 138.1619
2010	04	15	0.0000	 1.7712	 0.0000	 0.9042	 0.0000	 38.9700	 605.7589	 138.2929
2010	04	16	0.0000	 1.6953	 0.0000	 0.9208	 0.0000	 38.1693	 603.8768	 138.3596
2010	04	17	0.0000	 1.7242	 0.0000	 0.9262	 0.0000	 37.6576	 601.7405	 138.3573
2010	04	18	0.0000	 1.9456	 0.0000	 0.9212	 0.0000	 37.2474	 599.3423	 138.2989
2010	04	19	0.0000	 2.0697	 0.0000	 0.9083	 0.0000	 36.8934	 596.8203	 138.1969
2010	04	20	0.0000	 1.9973	 0.0000	 0.8905	 0.0000	 36.5881	 594.3700	 138.0647
2010	04	21	0.0000	 1.8231	 0.0000	 0.8707	 0.0000	 36.3259	 592.0890	 137.9141
2010	04	22	0.0000	 1.8618	 0.0000	 0.8510	 0.0000	 36.0803	 589.7841	 137.7517
2010	04	23	0.0000	 1.8017	 0.0000	 0.8326	 0.0000	 35.8585	 587.5423	 137.5810
2010	04	24	0.0000	 1.7987	 0.0000	 0.8162	 0.0000	 35.6511	 585.3115	 137.4043
2010	04	25	0.0000	 1.7629	 0.0000	 0.8022	 0.0000	 35.4587	 583.1205	 137.2225
2010	04	26	0.0000	 1.7007	 0.0000	 0.7910	 0.0000	 35.2814	 580.9929	 137.0359
2010	04	27	0.0000	 1.5445	 0.0000	 0.7827	 0.0000	 35.1249	 579.0136	 136.8444
2010	04	28	0.0000	 1.5388	 0.0000	 0.7777	 0.0000	 34.9751	 577.0443	 136.6469
2010	04	29	0.0000	 1.5757	 0.0000	 0.7759	 0.0000	 34.8282	 575.0450	 136.4415
2010	04	30	0.0000	 1.5853	 0.0000	 0.7751	 0.0000	 34.6857	 573.0404	 136.2283
2010	05	01	0.0000	 1.4819	 0.0000	 0.7742	 0.0000	 34.5562	 571.1335	 136.0086
2010	05	02	11.2200	 1.3558	 1.6461	 0.7733	 0.0000	 41.5064	 571.8339	 135.7849
2010	05	03	0.0000	 1.6353	 0.0000	 0.7725	 0.0000	 38.9124	 572.2551	 135.5679
2010	05	04	0.0000	 1.5803	 0.0000	 0.7716	 0.0000	 38.1470	 570.8874	 135.3489
2010	05	05	0.0000	 1.6190	 0.0000	 0.7707	 0.0000	 37.6516	 569.2161	 135.1259
2010	05	06	0.0000	 1.6249	 0.0000	 0.7698	 0.0000	 37.2719	 567.4282	 134.8987
2010	05	07	3.9100	 1.3065	 0.5614	 0.7689	 0.0000	 39.6995	 566.4861	 134.6685
2010	05	08	0.0000	 1.6476	 0.0000	 0.7680	 0.0000	 38.5102	 565.5085	 134.4376
2010	05	09	0.0000	 1.7505	 0.0000	 0.7671	 0.0000	 37.8789	 563.8553	 134.2045
2010	05	10	0.0000	 1.8960	 0.0000	 0.7662	 0.0000	 37.4258	 561.8824	 133.9683
2010	05	11	0.0000	 1.8086	 0.0000	 0.7651	 0.0000	 37.0669	 559.9097	 133.7262
2010	05	12	0.0000	 1.6267	 0.0000	 0.7605	 0.0000	 36.7736	 558.0756	 133.4664
2010	05	13	0.0000	 1.5713	 0.0000	 0.7515	 0.0000	 36.5156	 556.2821	 133.1950
2010	05	14	0.0000	 1.5071	 0.0000	 0.7405	 0.0000	 36.2842	 554.5435	 132.9175
2010	05	15	0.0000	 1.5188	 0.0000	 0.7290	 0.0000	 36.0675	 552.7930	 132.6368
2010	05	16	0.0000	 1.5155	 0.0000	 0.7176	 0.0000	 35.8643	 551.0452	 132.3548
2010	05	17	0.0000	 1.4656	 0.0000	 0.7068	 0.0000	 35.6762	 549.3431	 132.0724
2010	05	18	0.0000	 1.3773	 0.0000	 0.6968	 0.0000	 35.5048	 547.7222	 131.7905
2010	05	19	0.0000	 1.4299	 0.0000	 0.6877	 0.0000	 35.3353	 546.0552	 131.5095
2010	05	20	0.0000	 1.4237	 0.0000	 0.6793	 0.0000	 35.1722	 544.3956	 131.2292
2010	05	21	0.0000	 1.4238	 0.0000	 0.6716	 0.0000	 35.0140	 542.7377	 130.9499
2010	05	22	0.0000	 1.3902	 0.0000	 0.6646	 0.0000	 34.8632	 541.1121	 130.6716
2010	05	23	0.0000	 1.3170	 0.0000	 0.6582	 0.0000	 34.7227	 539.5546	 130.3943
2010	05	24	0.0000	 1.4259	 0.0000	 0.6524	 0.0000	 34.5756	 537.8997	 130.1180
2010	05	25	4.4600	 1.1683	 0.5618	 0.6471	 0.0000	 38.2036	 536.6118	 129.8429
2010	05	26	0.0000	 1.4101	 0.0000	 0.6424	 0.0000	 37.6584	 535.3954	 129.5698
2010	05	27	0.0000	 1.3693	 0.0000	 0.6382	 0.0000	 37.2660	 534.0518	 129.2983
2010	05	28	4.8800	 1.1464	 0.6122	 0.6345	 0.0000	 40.2125	 533.8441	 129.0287
2010	05	29	0.0000	 1.3788	 0.0000	 0.6313	 0.0000	 38.6840	 533.6449	 128.7642
2010	05	30	0.0000	 1.3832	 0.0000	 0.6286	 0.0000	 38.0113	 532.5687	 128.5013
2010	05	31	0.0000	 1.5378	 0.0000	 0.6261	 0.0000	 37.5397	 531.1393	 128.2384
2010	06	01	0.0000	 1.5474	 0.0000	 0.6237	 0.0000	 37.1669	 529.6044	 127.9749
2010	06	02	0.0000	 1.4109	 0.0000	 0.6215	 0.0000	 36.8633	 528.1395	 127.7109
2010	06	03	0.0000	 1.2012	 0.0000	 0.6192	 0.0000	 36.6154	 526.8378	 127.4402
2010	06	04	0.0000	 1.2300	 0.0000	 0.6097	 0.0000	 36.3861	 525.5323	 127.1352
2010	06	05	0.0000	 1.2866	 0.0000	 0.5906	 0.0000	 36.1661	 524.2049	 126.8054
2010	06	06	0.0000	 1.2897	 0.0000	 0.5674	 0.0000	 35.9604	 522.8937	 126.4653
2010	06	07	0.0000	 1.2499	 0.0000	 0.5440	 0.0000	 35.7702	 521.6320	 126.1233
2010	06	08	0.0000	 1.2396	 0.0000	 0.5219	 0.0000	 35.5896	 520.3952	 125.7792
2010	06	09	0.0000	 1.2323	 0.0000	 0.5011	 0.0000	 35.4175	 519.1784	 125.4346
2010	06	10	0.0000	 1.2155	 0.0000	 0.4820	 0.0000	 35.2537	 517.9892	 125.0901
2010	06	11	0.0000	 1.3294	 0.0000	 0.4638	 0.0000	 35.0834	 516.7184	 124.7380
2010	06	12	0.0000	 1.4012	 0.0000	 0.4465	 0.0000	 34.9112	 515.3958	 124.3851
2010	06	13	0.0000	 1.2964	 0.0000	 0.4317	 0.0000	 34.7539	 514.1696	 124.0405
2010	06	14	0.0000	 1.2069	 0.0000	 0.4194	 0.0000	 34.6093	 513.0305	 123.6978
2010	06	15	0.0000	 1.1711	 0.0000	 0.4087	 0.0000	 34.4713	 511.9306	 123.3560
2010	06	16	0.0000	 1.1572	 0.0000	 0.3995	 0.0000	 34.3376	 510.8495	 123.0140
2010	06	17	0.0000	 1.1208	 0.0000	 0.3917	 0.0000	 34.2098	 509.8042	 122.6746
2010	06	18	0.0000	 1.0387	 0.0000	 0.3855	 0.0000	 34.0923	 508.8331	 122.3390
2010	06	19	0.0000	 1.0535	 0.0000	 0.3806	 0.0000	 33.9751	 507.8537	 122.0014
2010	06	20	0.0000	 1.1708	 0.0000	 0.3767	 0.0000	 33.8483	 506.7824	 121.6519
2010	06	21	0.0000	 1.1963	 0.0000	 0.3742	 0.0000	 33.7209	 505.6946	 121.2966
2010	06	22	0.0000	 1.1016	 0.0000	 0.3728	 0.0000	 33.6047	 504.6948	 120.9383
2010	06	23	0.0000	 1.0564	 0.0000	 0.3713	 0.0000	 33.4941	 503.7380	 120.5779
2010	06	24	0.0000	 1.0860	 0.0000	 0.3699	 0.0000	 33.3822	 502.7620	 120.2099
2010	06	25	0.0000	 1.0903	 0.0000	 0.3684	 0.0000	 33.2712	 501.7867	 119.8375
2010	06	26	0.0000	 1.1162	 0.0000	 0.3669	 0.0000	 33.1593	 500.7965	 119.4565
2010	06	27	0.0000	 1.1118	 0.0000	 0.3654	 0.0000	 33.0492	 499.8151	 119.0707
2010	06	28	0.0000	 1.0788	 0.0000	 0.3639	 0.0000	 32.9436	 498.8637	 118.6850
2010	06	29	0.0000	 1.0538	 0.0000	 0.3624	 0.0000	 32.8413	 497.9358	 118.2990
2010	06	30	0.0000	 1.0234	 0.0000	 0.3608	 0.0000	 32.7432	 497.0376	 117.9111
2010	07	01	0.0000	 0.9807	 0.0000	 0.3593	 0.0000	 32.6499	 496.1755	 117.5266
2010	07	02	0.0000	 0.9762	 0.0000	 0.3578	 0.0000	 32.5578	 495.3192	 117.1409
2010	07	03	0.0000	 0.9488	 0.0000	 0.3563	 0.0000	 32.4690	 494.4869	 116.7569
2010	07	04	0.0000	 0.9365	 0.0000	 0.3547	 0.0000	 32.3823	 493.6671	 116.3723
2010	07	05	0.0000	 0.8962	 0.0000	 0.3532	 0.0000	 32.2999	 492.8817	 115.9907
2010	07	06	0.0000	 0.9394	 0.0000	 0.3517	 0.0000	 32.2147	 492.0650	 115.6016
2010	07	07	0.0000	 0.9368	 0.0000	 0.3501	 0.0000	 32.1307	 491.2538	 115.2098
2010	07	08	0.0000	 0.9284	 0.0000	 0.3486	 0.0000	 32.0483	 490.4519	 114.8170
2010	07	09	0.0000	 0.9170	 0.0000	 0.3470	 0.0000	 31.9677	 489.6610	 114.4245
2010	07	10	0.0000	 0.9447	 0.0000	 0.3455	 0.0000	 31.8855	 488.8490	 114.0286
2010	07	11	0.0000	 0.9447	 0.0000	 0.3439	 0.0000	 31.8041	 488.0387	 113.6317
2010	07	12	0.0000	 0.9112	 0.0000	 0.3423	 0.0000	 31.7266	 487.2594	 113.2349
2010	07	13	0.0000	 0.8883	 0.0000	 0.3408	 0.0000	 31.6520	 486.5021	 112.8377
2010	07	14	0.0000	 0.8909	 0.0000	 0.3392	 0.0000	 31.5780	 485.7448	 112.4390
2010	07	15	0.0000	 0.8990	 0.0000	 0.3376	 0.0000	 31.5040	 484.9815	 112.0397
2010	07	16	0.0000	 0.8849	 0.0000	 0.3360	 0.0000	 31.4319	 484.2320	 111.6403
2010	07	17	0.0000	 0.8509	 0.0000	 0.3344	 0.0000	 31.3636	 483.5138	 111.2416
2010	07	18	0.0000	 0.8344	 0.0000	 0.3329	 0.0000	 31.2973	 482.8108	 110.8436
2010	07	19	0.0000	 0.8543	 0.0000	 0.3313	 0.0000	 31.2298	 482.0909	 110.4453
2010	07	20	0.0000	 0.8553	 0.0000	 0.3297	 0.0000	 31.1629	 481.3713	 110.0468
2010	07	21	0.0000	 0.8312	 0.0000	 0.3281	 0.0000	 31.0987	 480.6742	 109.6488
2010	07	22	0.0000	 0.8412	 0.0000	 0.3266	 0.0000	 31.0342	 479.9695	 109.2502
2010	07	23	0.0000	 0.8244	 0.0000	 0.3250	 0.0000	 30.9719	 479.2804	 108.8523
2010	07	24	0.0000	 0.7952	 0.0000	 0.3234	 0.0000	 30.9125	 478.6176	 108.4559
2010	07	25	0.0000	 0.7838	 0.0000	 0.3218	 0.0000	 30.8547	 477.9657	 108.0600
2010	07	26	0.0000	 0.7733	 0.0000	 0.3203	 0.0000	 30.7982	 477.3240	 107.6646
2010	07	27	0.0000	 0.7596	 0.0000	 0.3187	 0.0000	 30.7434	 476.6944	 107.2708
2010	07	28	0.0000	 0.7948	 0.0000	 0.3171	 0.0000	 30.6862	 476.0355	 106.8749
2010	07	29	0.0000	 0.7984	 0.0000	 0.3156	 0.0000	 30.6292	 475.3745	 106.4789
2010	07	30	0.0000	 0.7614	 0.0000	 0.3140	 0.0000	 30.5759	 474.7471	 106.0843
2010	07	31	0.0000	 0.7454	 0.0000	 0.3125	 0.0000	 30.5243	 474.1342	 105.6909
2010	08	01	0.0000	 0.7094	 0.0000	 0.3109	 0.0000	 30.4750	 473.5434	 105.3108
2010	08	02	0.0000	 0.7061	 0.0000	 0.3094	 0.0000	 30.4262	 472.9549	 104.9325
2010	08	03	0.0000	 0.7107	 0.0000	 0.3079	 0.0000	 30.3777	 472.3635	 104.5539
2010	08	04	0.0000	 0.7046	 0.0000	 0.3064	 0.0000	 30.3301	 471.7787	 104.1752
2010	08	05	0.0000	 0.6898	 0.0000	 0.3049	 0.0000	 30.2842	 471.2079	 103.7972
2010	08	06	0.0000	 0.6828	 0.0000	 0.3034	 0.0000	 30.2387	 470.6412	 103.4231
2010	08	07	0.0000	 0.6849	 0.0000	 0.3020	 0.0000	 30.1934	 470.0713	 103.0515
2010	08	08	0.0000	 0.6854	 0.0000	 0.3005	 0.0000	 30.1483	 469.4996	 102.6824
2010	08	09	0.0000	 0.6771	 0.0000	 0.2990	 0.0000	 30.1041	 468.9341	 102.3160
2010	08	10	0.0000	 0.6449	 0.0000	 0.2976	 0.0000	 30.0625	 468.3959	 101.9533
2010	08	11	0.0000	 0.6339	 0.0000	 0.2962	 0.0000	 30.0220	 467.8659	 101.5938
2010	08	12	0.0000	 0.6363	 0.0000	 0.2947	 0.0000	 29.9814	 467.3325	 101.2367
2010	08	13	0.0000	 0.6385	 0.0000	 0.2933	 0.0000	 29.9409	 466.7956	 100.8823
2010	08	14	0.0000	 0.6047	 0.0000	 0.2919	 0.0000	 29.9006	 466.2859	 100.5357
2010	08	15	0.0000	 0.5704	 0.0000	 0.2906	 0.0000	 29.8605	 465.8064	 100.1943
2010	08	16	0.0000	 0.6068	 0.0000	 0.2892	 0.0000	 29.8231	 465.2933	 99.8487
2010	08	17	0.0000	 0.5935	 0.0000	 0.2879	 0.0000	 29.7867	 464.7905	 99.5065
2010	08	18	0.0000	 0.6076	 0.0000	 0.2865	 0.0000	 29.7496	 464.2741	 99.1660
2010	08	19	0.0000	 0.6303	 0.0000	 0.2852	 0.0000	 29.7112	 463.7364	 98.8266
2010	08	20	0.0000	 0.5901	 0.0000	 0.2838	 0.0000	 29.6757	 463.2335	 98.4911
2010	08	21	0.0000	 0.5782	 0.0000	 0.2825	 0.0000	 29.6406	 462.7406	 98.1585
2010	08	22	0.0000	 0.5802	 0.0000	 0.2812	 0.0000	 29.6014	 462.2471	 97.8298
2010	08	23	0.0000	 0.5489	 0.0000	 0.2799	 0.0000	 29.5618	 461.7817	 97.5059
2010	08	24	0.0000	 0.5653	 0.0000	 0.2786	 0.0000	 29.5235	 461.3000	 97.1820
2010	08	25	0.0000	 0.5621	 0.0000	 0.2773	 0.0000	 29.4866	 460.8198	 96.8597
2010	08	26	0.0000	 0.5237	 0.0000	 0.2761	 0.0000	 29.4521	 460.3732	 96.5410
2010	08	27	0.0000	 0.5204	 0.0000	 0.2748	 0.0000	 29.4144	 459.9305	 96.2262
2010	08	28	0.0000	 0.5147	 0.0000	 0.2736	 0.0000	 29.3761	 459.4926	 95.9142
2010	08	29	0.0000	 0.4980	 0.0000	 0.2723	 0.0000	 29.3422	 459.0672	 95.6032
2010	08	30	0.0000	 0.4999	 0.0000	 0.2711	 0.0000	 29.3096	 458.6377	 95.2942
2010	08	31	0.0000	 0.4982	 0.0000	 0.2699	 0.0000	 29.2770	 458.2089	 94.9875
2010	09	01	0.0000	 0.5144	 0.0000	 0.2687	 0.0000	 29.2434	 457.7637	 94.6832
2010	09	02	0.0000	 0.4986	 0.0000	 0.2675	 0.0000	 29.2091	 457.3334	 94.3818
2010	09	03	0.0000	 0.4841	 0.0000	 0.2663	 0.0000	 29.1746	 456.9160	 94.0833
2010	09	04	0.0000	 0.4752	 0.0000	 0.2651	 0.0000	 29.1381	 456.5073	 93.7882
2010	09	05	0.0000	 0.4669	 0.0000	 0.2639	 0.0000	 29.1007	 456.1088	 93.4933
2010	09	06	0.0000	 0.4712	 0.0000	 0.2628	 0.0000	 29.0624	 455.7073	 93.1990
2010	09	07	0.0000	 0.4998	 0.0000	 0.2616	 0.0000	 29.0229	 455.2784	 92.9062
2010	09	08	0.0000	 0.5248	 0.0000	 0.2604	 0.0000	 28.9793	 454.8318	 92.6110
2010	09	09	0.0000	 0.5565	 0.0000	 0.2593	 0.0000	 28.9323	 454.3595	 92.3146
2010	09	10	0.0000	 0.4997	 0.0000	 0.2581	 0.0000	 28.8904	 453.9381	 92.0201
2010	09	11	0.0000	 0.4378	 0.0000	 0.2570	 0.0000	 28.8555	 453.5646	 91.7337
2010	09	12	0.0000	 0.4345	 0.0000	 0.2558	 0.0000	 28.8226	 453.1905	 91.4505
2010	09	13	0.0000	 0.4358	 0.0000	 0.2547	 0.0000	 28.7886	 452.8174	 91.1671
2010	09	14	0.0000	 0.4422	 0.0000	 0.2536	 0.0000	 28.7535	 452.4396	 90.8842
2010	09	15	0.0000	 0.4598	 0.0000	 0.2525	 0.0000	 28.7165	 452.0480	 90.6005
2010	09	16	0.0000	 0.4591	 0.0000	 0.2513	 0.0000	 28.6795	 451.6573	 90.3177
2010	09	17	0.0000	 0.4378	 0.0000	 0.2502	 0.0000	 28.6447	 451.2841	 90.0378
2010	09	18	0.0000	 0.4468	 0.0000	 0.2491	 0.0000	 28.6088	 450.9044	 89.7575
2010	09	19	0.0000	 0.4589	 0.0000	 0.2480	 0.0000	 28.5784	 450.5080	 89.4774
2010	09	20	0.0000	 0.4432	 0.0000	 0.2469	 0.0000	 28.5684	 450.1066	 89.1986
2010	09	21	0.0000	 0.4211	 0.0000	 0.2458	 0.0000	 28.5588	 449.7267	 88.9213
2010	09	22	0.0000	 0.3988	 0.0000	 0.2447	 0.0000	 28.5495	 449.3678	 88.6460
2010	09	23	0.0000	 0.3892	 0.0000	 0.2436	 0.0000	 28.5403	 449.0173	 88.3728
2010	09	24	0.0000	 0.4110	 0.0000	 0.2425	 0.0000	 28.5309	 448.6471	 88.0989
2010	09	25	0.0000	 0.4294	 0.0000	 0.2414	 0.0000	 28.5212	 448.2605	 87.8243
2010	09	26	0.0000	 0.4554	 0.0000	 0.2403	 0.0000	 28.5113	 447.8555	 87.5435
2010	09	27	0.0000	 0.4389	 0.0000	 0.2392	 0.0000	 28.5014	 447.4678	 87.2629
2010	09	28	0.0000	 0.3920	 0.0000	 0.2381	 0.0000	 28.4923	 447.1170	 86.9927
2010	09	29	0.0000	 0.3806	 0.0000	 0.2371	 0.0000	 28.4833	 446.7747	 86.7263
2010	09	30	0.0000	 0.3938	 0.0000	 0.2360	 0.0000	 28.4742	 446.4198	 86.4605
2010	10	01	0.0000	 0.4109	 0.0000	 0.2350	 0.0000	 28.4647	 446.0494	 86.1944
2010	10	02	0.0000	 0.4300	 0.0000	 0.2339	 0.0000	 28.4551	 445.6639	 85.9257
2010	10	03	0.0000	 0.4265	 0.0000	 0.2329	 0.0000	 28.4456	 445.2833	 85.6564
2010	10	04	0.0000	 0.4190	 0.0000	 0.2318	 0.0000	 28.4361	 444.9090	 85.3893
2010	10	05	0.0000	 0.3770	 0.0000	 0.2308	 0.0000	 28.4268	 444.5364	 85.1635
2010	10	06	0.0000	 0.3789	 0.0000	 0.2299	 0.0000	 28.4175	 444.1619	 84.9385
2010	10	07	0.0000	 0.3947	 0.0000	 0.2290	 0.0000	 28.4080	 443.7719	 84.7142
2010	10	08	0.0000	 0.4767	 0.0000	 0.2281	 0.0000	 28.3962	 443.3022	 84.4908
2010	10	09	0.0000	 0.6628	 0.0000	 0.2273	 0.0000	 28.3818	 442.6492	 84.2682
2010	10	10	0.0000	 0.5364	 0.0000	 0.2264	 0.0000	 28.3700	 442.1200	 84.0464
2010	10	11	0.0000	 0.5416	 0.0000	 0.2255	 0.0000	 28.3584	 441.5855	 83.8253
2010	10	12	0.0000	 0.6954	 0.0000	 0.2246	 0.0000	 28.3441	 440.9001	 83.6051
2010	10	13	0.0000	 0.6612	 0.0000	 0.2238	 0.0000	 28.3303	 440.2484	 83.3856
2010	10	14	0.0000	 0.6055	 0.0000	 0.2229	 0.0000	 28.3180	 439.6510	 83.1669
2010	10	15	0.0000	 0.5119	 0.0000	 0.2220	 0.0000	 28.3069	 439.1461	 82.9490
2010	10	16	0.0000	 0.4243	 0.0000	 0.2212	 0.0000	 28.2971	 438.7275	 82.7319
2010	10	17	0.0000	 0.3801	 0.0000	 0.2203	 0.0000	 28.2879	 438.3526	 82.5155
2010	10	18	0.0000	 0.3736	 0.0000	 0.2194	 0.0000	 28.2788	 437.9843	 82.2999
2010	10	19	0.0000	 0.3779	 0.0000	 0.2186	 0.0000	 28.2696	 437.6118	 82.0851
2010	10	20	0.0000	 0.3974	 0.0000	 0.2177	 0.0000	 28.2601	 437.2201	 81.8711
2010	10	21	0.0000	 0.4593	 0.0000	 0.2169	 0.0000	 28.2498	 436.7675	 81.6578
2010	10	22	0.0000	 0.4886	 0.0000	 0.2161	 0.0000	 28.2391	 436.2861	 81.4453
2010	10	23	0.0000	 0.4733	 0.0000	 0.2152	 0.0000	 28.2287	 435.8198	 81.2335
2010	10	24	0.0000	 0.4991	 0.0000	 0.2144	 0.0000	 28.2179	 435.3282	 81.0225
2010	10	25	0.7200	 0.1873	 0.0600	 0.2135	 0.0000	 28.8497	 435.1480	 80.8123
2010	10	26	0.0000	 0.2019	 0.0000	 0.2127	 0.0000	 28.8009	 435.0094	 80.6028
2010	10	27	7.1200	 0.1468	 0.6133	 0.2119	 0.0000	 35.2387	 434.9106	 80.3941
2010	10	28	0.0000	 0.2927	 0.0000	 0.2111	 0.0000	 34.9861	 434.8850	 80.1862
2010	10	29	0.0000	 0.2612	 0.0000	 0.2102	 0.0000	 34.7728	 434.8341	 79.9791
2010	10	30	0.0000	 0.2376	 0.0000	 0.2094	 0.0000	 34.5894	 434.7767	 79.7728
2010	10	31	0.0000	 0.2328	 0.0000	 0.2086	 0.0000	 34.4195	 434.7106	 79.5673
2010	11	01	0.0000	 0.2534	 0.0000	 0.2078	 0.0000	 34.2441	 434.6295	 79.3627
2010	11	02	0.0000	 0.2663	 0.0000	 0.2070	 0.0000	 34.0680	 434.5363	 79.1588
2010	11	03	0.0000	 0.2629	 0.0000	 0.2062	 0.0000	 33.8995	 434.4389	 78.9556
2010	11	04	0.0000	 0.2594	 0.0000	 0.2054	 0.0000	 33.7380	 434.3380	 78.7532
2010	11	05	0.0000	 0.2295	 0.0000	 0.2046	 0.0000	 33.5965	 434.2471	 78.5516
2010	11	06	0.0000	 0.2162	 0.0000	 0.2038	 0.0000	 33.4677	 434.1568	 78.3507
2010	11	07	0.0000	 0.2342	 0.0000	 0.2030	 0.0000	 33.3289	 434.0584	 78.1506
2010	11	08	0.0000	 0.2400	 0.0000	 0.2022	 0.0000	 33.1889	 433.9556	 77.9513
2010	11	09	0.0000	 0.2330	 0.0000	 0.2014	 0.0000	 33.0564	 433.8523	 77.7526
2010	11	10	0.0000	 0.2044	 0.0000	 0.2006	 0.0000	 32.9442	 433.7574	 77.5547
2010	11	11	0.0000	 0.2087	 0.0000	 0.1998	 0.0000	 32.8315	 433.6587	 77.3576
2010	11	12	0.0000	 0.2134	 0.0000	 0.1991	 0.0000	 32.7152	 433.5590	 77.1612
2010	11	13	0.0000	 0.2080	 0.0000	 0.1983	 0.0000	 32.6043	 433.4593	 76.9655
2010	11	14	0.0000	 0.2022	 0.0000	 0.1975	 0.0000	 32.4981	 433.3608	 76.7706
2010	11	15	0.0000	 0.2046	 0.0000	 0.1967	 0.0000	 32.3925	 433.2593	 76.5763
2010	11	16	0.0000	 0.2035	 0.0000	 0.1960	 0.0000	 32.2876	 433.1582	 76.3828
2010	11	17	0.0000	 0.2126	 0.0000	 0.1952	 0.0000	 32.1785	 433.0523	 76.1900
2010	11	18	0.0000	 0.2191	 0.0000	 0.1944	 0.0000	 32.0684	 432.9409	 75.9980
2010	11	19	0.0000	 0.2687	 0.0000	 0.1937	 0.0000	 31.9308	 432.8075	 75.8066
2010	11	20	9.9600	 0.2776	 0.8642	 0.1929	 0.0000	 40.0973	 433.4385	 75.6161
2010	11	21	23.2800	 7.2496	 1.4041	 0.1922	 0.0000	 42.0956	 446.0626	 75.4277
2010	11	22	0.0000	 0.7391	 0.0000	 0.1914	 0.0000	 38.9161	 448.5155	 75.2421
2010	11	23	0.0000	 0.7042	 0.0000	 0.1907	 0.0000	 38.0922	 448.6291	 75.0576
2010	11	24	0.0000	 0.6018	 0.0000	 0.1900	 0.0000	 37.5665	 448.5467	 74.8740
2010	11	25	0.0000	 0.5736	 0.0000	 0.1892	 0.0000	 37.1647	 448.3685	 74.6910
2010	11	26	0.0000	 0.5760	 0.0000	 0.1885	 0.0000	 36.8235	 448.1275	 74.5087
2010	11	27	0.0000	 0.5779	 0.0000	 0.1878	 0.0000	 36.5172	 447.8496	 74.3271
2010	11	28	0.0000	 0.6318	 0.0000	 0.1871	 0.0000	 36.2261	 447.5029	 74.1461
2010	11	29	0.0000	 0.6232	 0.0000	 0.1864	 0.0000	 35.9572	 447.1425	 73.9657
2010	11	30	0.0000	 0.6177	 0.0000	 0.1857	 0.0000	 35.7008	 446.7753	 73.7859
2010	12	01	0.0000	 0.6971	 0.0000	 0.1849	 0.0000	 35.4438	 446.3294	 73.6067
2010	12	02	0.0000	 0.6112	 0.0000	 0.1842	 0.0000	 35.2142	 445.9423	 73.4281
2010	12	03	0.0000	 0.6588	 0.0000	 0.1835	 0.0000	 34.9844	 445.5078	 73.2501
2010	12	04	0.0000	 0.6843	 0.0000	 0.1828	 0.0000	 34.7602	 445.0422	 73.0727
2010	12	05	0.0000	 0.5939	 0.0000	 0.1821	 0.0000	 34.5645	 444.6388	 72.8958
2010	12	06	21.6200	 0.5232	 2.0112	 0.1814	 0.0000	 42.4733	 455.7892	 72.7214
2010	12	07	7.2100	 2.8647	 0.4092	 0.1808	 0.0000	 40.5907	 461.5928	 72.5557
2010	12	08	0.0000	 0.9784	 0.0000	 0.1801	 0.0000	 38.7484	 462.4583	 72.3933
2010	12	09	14.4100	 0.7685	 1.4307	 0.1795	 0.0000	 41.9698	 471.4055	 72.2368
2010	12	10	21.6200	 6.4939	 1.5374	 0.1789	 0.0000	 42.0212	 484.8960	 72.1048
2010	12	11	0.0000	 1.2616	 0.0000	 0.1784	 0.0000	 38.9219	 486.6817	 71.9976
2010	12	12	0.0000	 1.3044	 0.0000	 0.1780	 0.0000	 38.1013	 486.1241	 71.8933
2010	12	13	0.0000	 1.2241	 0.0000	 0.1776	 0.0000	 37.5691	 485.3593	 71.7887
2010	12	14	0.0000	 1.2543	 0.0000	 0.1772	 0.0000	 37.1466	 484.4563	 71.6827
2010	12	15	0.0000	 1.3428	 0.0000	 0.1768	 0.0000	 36.7775	 483.4134	 71.5751
2010	12	16	0.0000	 1.2842	 0.0000	 0.1763	 0.0000	 36.4527	 482.3871	 71.4658
2010	12	17	0.0000	 1.2412	 0.0000	 0.1759	 0.0000	 36.1548	 481.3790	 71.3546
2010	12	18	0.0000	 1.2629	 0.0000	 0.1754	 0.0000	 35.8770	 480.3315	 71.2417
2010	12	19	0.0000	 1.3553	 0.0000	 0.1750	 0.0000	 35.6079	 479.1849	 71.1270
2010	12	20	9.4200	 0.8986	 0.9740	 0.1745	 0.0000	 41.3535	 480.9061	 71.0138
2010	12	21	7.8600	 3.8077	 0.4097	 0.1741	 0.0000	 40.4883	 485.3342	 70.9194
2010	12	22	7.8600	 4.0047	 0.3929	 0.1738	 0.0000	 40.3934	 488.8002	 70.8368
2010	12	23	7.8600	 3.9279	 0.4080	 0.1735	 0.0000	 40.4117	 492.2055	 70.7639
2010	12	24	23.5900	 4.3020	 2.1401	 0.1732	 0.0000	 42.3117	 507.3053	 70.7387
2010	12	25	7.8600	 4.9514	 0.3145	 0.1734	 0.0000	 40.1495	 511.8099	 70.8171
2010	12	26	10.1900	 4.6029	 0.6331	 0.1737	 0.0000	 40.7900	 515.8559	 70.9109
2010	12	27	0.0000	 1.7178	 0.0000	 0.1741	 0.0000	 38.7801	 515.8866	 71.0174
2010	12	28	0.0000	 1.9695	 0.0000	 0.1745	 0.0000	 38.0092	 514.4190	 71.1120
2010	12	29	0.0000	 1.8446	 0.0000	 0.1748	 0.0000	 37.4918	 512.8396	 71.1893
2010	12	30	0.0000	 1.6893	 0.0000	 0.1751	 0.0000	 37.0875	 511.3192	 71.2496
2010	12	31	0.0000	 1.5692	 0.0000	 0.1753	 0.0000	 36.7486	 509.8690	 71.2941
