2010	01	01	0.0000	 0.6390	 0.0000	 1.5798	 0.0000	 45.0154	 701.4256	 140.2851
2010	01	02	19.0600	 0.5900	 16.8241	 1.5798	 0.0000	 45.0644	 701.4256	 140.2851
2010	01	03	4.7700	 3.3294	 0.6105	 1.5798	 0.0000	 44.3146	 701.4256	 140.2851
2010	01	04	19.0600	 4.8649	 11.2756	 1.5798	 0.0000	 45.6544	 701.4256	 140.2851
2010	01	05	9.5300	 5.2731	 2.6771	 1.5798	 0.0000	 45.6544	 701.4256	 140.2851
2010	01	06	17.8300	 5.2084	 11.0418	 1.5798	 0.0000	 45.6544	 701.4256	 140.2851
2010	01	07	13.5800	 4.5221	 7.4781	 1.5798	 0.0000	 45.6544	 701.4256	 140.2851
2010	01	08	23.7700	 5.0519	 17.1383	 1.5798	 0.0000	 45.6544	 701.4256	 140.2851
2010	01	09	0.0000	 1.7157	 0.0000	 1.5798	 0.0000	 42.3786	 701.4230	 140.2851
2010	01	10	5.9400	 1.0471	 2.3534	 1.5798	 0.0000	 43.3350	 701.4091	 140.2851
2010	01	11	10.1200	 4.0366	 2.5681	 1.5798	 0.0000	 45.2541	 701.4256	 140.2851
2010	01	12	20.2400	 5.0000	 13.2599	 1.5798	 0.0000	 45.6544	 701.4256	 140.2851
2010	01	13	0.0000	 0.6962	 0.0000	 1.5798	 0.0000	 43.3955	 701.4256	 140.2851
2010	01	14	0.0000	 0.8343	 0.0000	 1.5798	 0.0000	 41.0074	 701.3996	 140.2851
2010	01	15	0.0000	 0.8308	 0.0000	 1.5798	 0.0000	 39.0815	 700.9148	 140.2851
2010	01	16	0.0000	 0.9947	 0.0000	 1.5798	 0.0000	 38.3074	 699.1145	 140.2851
2010	01	17	0.0000	 0.9185	 0.0000	 1.5798	 0.0000	 37.8504	 697.0731	 140.2851
2010	01	18	0.0000	 0.8009	 0.0000	 1.5798	 0.0000	 37.5260	 695.0169	 140.2851
2010	01	19	0.0000	 0.8313	 0.0000	 1.5798	 0.0000	 37.2683	 692.8634	 140.2851
2010	01	20	0.0000	 0.9827	 0.0000	 1.5798	 0.0000	 37.0464	 690.5229	 140.2851
2010	01	21	0.0000	 0.8652	 0.0000	 1.5798	 0.0000	 36.8612	 688.2631	 140.2851
2010	01	22	0.0000	 0.8469	 0.0000	 1.5798	 0.0000	 36.6988	 685.9987	 140.2851
2010	01	23	18.4800	 0.9631	 5.2541	 1.5798	 0.0000	 41.9982	 691.3652	 140.2851
2010	01	24	0.0000	 2.7883	 0.0000	 1.5798	 0.0000	 38.9547	 690.0577	 140.2851
2010	01	25	0.0000	 1.3848	 0.0000	 1.5798	 0.0000	 38.2280	 687.8198	 140.2851
2010	01	26	0.0000	 1.2473	 0.0000	 1.5798	 0.0000	 37.7822	 685.4385	 140.2851
2010	01	27	26.2800	 1.0397	 7.8616	 1.5798	 0.0000	 42.3989	 696.6036	 140.2851
2010	01	28	0.0000	 1.2046	 0.0000	 1.5798	 0.0000	 39.0143	 697.2209	 140.2851
2010	01	29	0.0000	 1.0566	 0.0000	 1.5798	 0.0000	 38.2731	 695.3258	 140.2851
2010	01	30	0.0000	 1.1306	 0.0000	 1.5798	 0.0000	 37.8188	 693.0697	 140.2851
2010	01	31	0.0000	 1.4046	 0.0000	 1.5798	 0.0000	 37.4739	 690.4302	 140.2851
2010	02	01	0.0000	 2.6218	 0.0000	 1.5798	 0.0000	 37.1411	 686.5614	 140.2851
2010	02	02	0.0000	 1.6927	 0.0000	 1.5798	 0.0000	 36.9030	 683.5271	 140.2851
2010	02	03	10.9900	 0.7928	 2.9547	 1.5798	 0.0000	 41.3704	 684.7062	 140.2851
2010	02	04	10.9900	 3.5940	 2.0869	 1.5798	 0.0000	 40.9292	 688.8767	 140.2851
2010	02	05	10.9900	 4.5876	 1.8829	 1.5798	 0.0000	 40.7425	 692.0031	 140.2851
2010	02	06	3.3600	 3.6207	 0.0000	 1.5798	 0.0000	 38.8869	 692.0344	 140.2851
2010	02	07	6.7100	 0.5284	 2.0047	 1.5798	 0.0000	 40.7146	 692.7875	 140.2851
2010	02	08	0.0000	 0.6625	 0.0000	 1.5798	 0.0000	 38.8688	 692.4073	 140.2851
2010	02	09	0.0000	 0.7524	 0.0000	 1.5798	 0.0000	 38.2068	 690.7370	 140.2851
2010	02	10	0.0000	 0.7624	 0.0000	 1.5798	 0.0000	 37.7897	 688.8120	 140.2851
2010	02	11	0.0000	 0.7884	 0.0000	 1.5798	 0.0000	 37.4809	 686.7526	 140.2851
2010	02	12	0.0000	 0.8039	 0.0000	 1.5798	 0.0000	 37.2336	 684.6162	 140.2851
2010	02	13	0.0000	 0.8152	 0.0000	 1.5798	 0.0000	 37.0259	 682.4289	 140.2851
2010	02	14	0.0000	 0.8413	 0.0000	 1.5798	 0.0000	 36.8447	 680.1890	 140.2851
2010	02	15	0.0000	 1.0629	 0.0000	 1.5798	 0.0000	 36.6730	 677.7179	 140.2851
2010	02	16	0.0000	 1.1409	 0.0000	 1.5798	 0.0000	 36.5145	 675.1557	 140.2851
2010	02	17	7.8500	 0.7228	 1.9275	 1.5798	 0.0000	 40.7827	 674.4912	 140.2851
2010	02	18	15.6900	 4.7627	 2.8016	 1.5798	 0.0000	 41.4233	 680.3965	 140.2851
2010	02	19	3.9200	 4.0737	 0.0015	 1.5798	 0.0000	 38.9866	 681.1141	 140.2851
2010	02	20	0.0000	 0.9410	 0.0000	 1.5798	 0.0000	 38.2633	 679.3170	 140.2851
2010	02	21	4.6300	 0.7076	 1.1826	 1.5798	 0.0000	 40.1563	 678.5677	 140.2851
2010	02	22	13.8900	 4.6846	 2.4225	 1.5798	 0.0000	 41.2089	 682.7183	 140.2851
2010	02	23	9.2600	 5.5738	 0.9992	 1.5798	 0.0000	 40.2018	 684.8326	 140.2851
2010	02	24	0.0000	 0.6712	 0.0000	 1.5798	 0.0000	 38.7531	 684.0465	 140.2851
2010	02	25	0.0000	 0.7784	 0.0000	 1.5798	 0.0000	 38.1399	 682.3015	 140.2851
2010	02	26	0.0000	 0.8172	 0.0000	 1.5798	 0.0000	 37.7398	 680.3046	 140.2851
2010	02	27	1.7300	 0.8273	 0.4369	 1.5798	 0.0000	 38.5313	 678.3829	 140.2851
2010	02	28	0.0000	 1.1025	 0.0000	 1.5798	 0.0000	 37.9911	 676.2570	 140.2851
2010	03	01	5.5200	 0.5894	 1.3750	 1.5798	 0.0000	 40.4049	 675.8032	 140.2851
2010	03	02	22.0800	 4.6651	 4.6236	 1.5798	 0.0000	 41.9620	 685.4577	 140.2851
2010	03	03	11.0400	 5.3307	 1.6287	 1.5798	 0.0000	 40.6378	 689.2828	 140.2851
2010	03	04	5.5200	 5.5332	 0.0058	 1.5798	 0.0000	 38.8870	 689.4497	 140.2851
2010	03	05	11.0400	 0.7524	 3.2242	 1.5798	 0.0000	 41.3238	 692.4816	 140.2851
2010	03	06	10.2500	 7.1490	 0.9521	 1.5798	 0.0000	 40.0052	 694.3693	 140.2851
2010	03	07	0.0000	 0.6575	 0.0000	 1.5798	 0.0000	 38.6970	 693.4560	 140.2851
2010	03	08	5.1300	 0.6350	 1.5566	 1.5798	 0.0000	 40.3019	 693.1939	 140.2851
2010	03	09	0.0000	 0.7959	 0.0000	 1.5798	 0.0000	 38.7751	 692.3608	 140.2851
2010	03	10	0.0000	 0.9803	 0.0000	 1.5798	 0.0000	 38.1439	 690.4319	 140.2851
2010	03	11	0.0000	 0.9875	 0.0000	 1.5798	 0.0000	 37.7347	 688.2738	 140.2851
2010	03	12	0.0000	 1.0638	 0.0000	 1.5798	 0.0000	 37.4244	 685.9404	 140.2851
2010	03	13	0.0000	 0.8153	 0.0000	 1.5798	 0.0000	 37.1859	 683.7838	 140.2851
2010	03	14	0.0000	 0.8702	 0.0000	 1.5798	 0.0000	 36.9817	 681.5380	 140.2851
2010	03	15	0.0000	 0.8201	 0.0000	 1.5798	 0.0000	 36.8067	 679.3131	 140.2851
2010	03	16	0.0000	 0.8385	 0.0000	 1.5798	 0.0000	 36.6503	 677.0512	 140.2851
2010	03	17	0.0000	 0.7962	 0.0000	 1.5798	 0.0000	 36.5111	 674.8143	 140.2851
2010	03	18	0.0000	 0.7749	 0.0000	 1.5798	 0.0000	 36.3851	 672.5857	 140.2851
2010	03	19	0.0000	 0.6758	 0.0000	 1.5798	 0.0000	 36.2739	 670.4412	 140.2851
2010	03	20	0.0000	 0.6140	 0.0000	 1.5798	 0.0000	 36.1737	 668.3477	 140.2850
2010	03	21	0.0000	 0.7104	 0.0000	 1.5792	 0.0000	 36.0747	 666.1607	 140.2814
2010	03	22	0.0000	 0.9611	 0.0000	 1.5773	 0.0000	 35.9686	 663.7353	 140.2745
2010	03	23	0.0000	 0.7130	 0.0000	 1.5746	 0.0000	 35.8812	 661.5434	 140.2662
2010	03	24	12.5200	 0.5195	 2.8126	 1.5719	 0.0000	 41.6098	 663.4227	 140.2585
2010	03	25	18.7800	 6.1705	 2.9947	 1.5706	 0.0000	 41.6219	 671.4541	 140.2593
2010	03	26	0.0000	 0.6971	 0.0000	 1.5722	 0.0000	 38.9849	 671.8298	 140.2669
2010	03	27	10.7000	 0.4925	 2.6463	 1.5741	 0.0000	 41.4048	 675.3759	 140.2723
2010	03	28	21.3900	 6.1762	 4.0434	 1.5776	 0.0000	 41.7999	 684.5607	 140.2851
2010	03	29	0.0000	 0.5840	 0.0000	 1.5798	 0.0000	 39.0018	 685.2108	 140.2851
2010	03	30	0.0000	 0.5751	 0.0000	 1.5798	 0.0000	 38.2864	 683.7713	 140.2851
2010	03	31	0.0000	 0.6064	 0.0000	 1.5798	 0.0000	 37.8519	 682.0196	 140.2851
2010	04	01	0.0000	 0.6233	 0.0000	 1.5798	 0.0000	 37.5369	 680.1316	 140.2851
2010	04	02	0.0000	 0.6859	 0.0000	 1.5798	 0.0000	 37.2855	 678.1173	 140.2851
2010	04	03	0.0000	 0.6984	 0.0000	 1.5796	 0.0000	 37.0762	 676.0502	 140.2834
2010	04	04	0.0000	 0.6904	 0.0000	 1.5783	 0.0000	 36.8970	 673.9662	 140.2781
2010	04	05	2.6200	 0.6220	 0.6295	 1.5760	 0.0000	 38.5230	 672.1239	 140.2713
2010	04	06	0.0000	 0.7656	 0.0000	 1.5737	 0.0000	 38.0008	 670.3297	 140.2640
2010	04	07	0.0000	 0.7772	 0.0000	 1.5714	 0.0000	 37.6409	 668.3485	 140.2565
2010	04	08	0.0000	 0.7746	 0.0000	 1.5692	 0.0000	 37.3646	 666.2885	 140.2490
2010	04	09	0.0000	 0.7171	 0.0000	 1.5673	 0.0000	 37.1416	 664.2344	 140.2417
2010	04	10	0.0000	 0.7262	 0.0000	 1.5657	 0.0000	 36.9516	 662.1397	 140.2345
2010	04	11	13.4200	 0.6783	 3.0616	 1.5643	 0.0000	 41.7032	 665.4944	 140.2284
2010	04	12	0.0000	 0.7680	 0.0000	 1.5634	 0.0000	 38.9897	 665.8953	 140.2251
2010	04	13	0.0000	 0.7509	 0.0000	 1.5628	 0.0000	 38.2730	 664.3018	 140.2215
2010	04	14	0.0000	 0.7066	 0.0000	 1.5622	 0.0000	 37.8385	 662.4716	 140.2174
2010	04	15	0.0000	 0.7201	 0.0000	 1.5616	 0.0000	 37.5221	 660.5107	 140.2129
2010	04	16	0.0000	 0.7070	 0.0000	 1.5610	 0.0000	 37.2726	 658.4969	 140.2081
2010	04	17	0.0000	 0.7193	 0.0000	 1.5605	 0.0000	 37.0645	 656.4303	 140.2031
2010	04	18	0.0000	 0.8053	 0.0000	 1.5600	 0.0000	 36.8810	 654.2537	 140.1977
2010	04	19	9.0600	 0.7521	 1.9360	 1.5597	 0.0000	 41.1875	 654.7493	 140.1923
2010	04	20	0.0000	 0.8369	 0.0000	 1.5594	 0.0000	 38.9363	 654.6247	 140.1875
2010	04	21	0.0000	 0.7429	 0.0000	 1.5592	 0.0000	 38.2447	 653.0192	 140.1825
2010	04	22	0.0000	 0.7680	 0.0000	 1.5591	 0.0000	 37.8162	 651.1261	 140.1770
2010	04	23	0.0000	 0.7433	 0.0000	 1.5591	 0.0000	 37.5039	 649.1418	 140.1712
2010	04	24	6.5600	 0.6755	 1.3544	 1.5591	 0.0000	 40.7167	 648.8905	 140.1651
2010	04	25	0.0000	 0.7629	 0.0000	 1.5590	 0.0000	 38.8664	 648.4404	 140.1592
2010	04	26	0.0000	 0.7317	 0.0000	 1.5590	 0.0000	 38.2069	 646.8153	 140.1530
2010	04	27	0.0000	 0.6650	 0.0000	 1.5590	 0.0000	 37.7949	 645.0097	 140.1466
2010	04	28	0.0000	 0.6633	 0.0000	 1.5590	 0.0000	 37.4915	 643.0975	 140.1400
2010	04	29	0.0000	 0.6779	 0.0000	 1.5589	 0.0000	 37.2493	 641.1097	 140.1332
2010	04	30	6.8000	 0.6146	 1.3392	 1.5589	 0.0000	 40.7638	 640.8737	 140.1263
2010	05	01	0.0000	 0.7089	 0.0000	 1.5589	 0.0000	 38.8768	 640.5153	 140.1195
2010	05	02	12.4600	 0.7020	 2.5029	 1.5588	 0.0000	 41.6586	 645.4193	 140.1130
2010	05	03	0.0000	 0.7772	 0.0000	 1.5588	 0.0000	 38.9863	 645.7784	 140.1073
2010	05	04	2.3800	 0.6805	 0.4788	 1.5588	 0.0000	 39.5527	 644.8625	 140.1015
2010	05	05	0.0000	 0.7912	 0.0000	 1.5588	 0.0000	 38.5341	 643.5541	 140.0957
2010	05	06	0.0000	 0.7740	 0.0000	 1.5587	 0.0000	 38.0079	 641.7536	 140.0896
2010	05	07	5.2600	 0.6852	 1.0393	 1.5587	 0.0000	 40.4373	 641.2901	 140.0835
2010	05	08	0.0000	 0.7937	 0.0000	 1.5587	 0.0000	 38.8083	 640.5899	 140.0774
2010	05	09	0.0000	 0.8317	 0.0000	 1.5587	 0.0000	 38.1703	 638.8437	 140.0711
2010	05	10	0.0000	 0.8927	 0.0000	 1.5586	 0.0000	 37.7589	 636.8102	 140.0647
2010	05	11	0.0000	 0.8730	 0.0000	 1.5586	 0.0000	 37.4539	 634.6904	 140.0580
2010	05	12	0.0000	 0.8012	 0.0000	 1.5582	 0.0000	 37.2125	 632.5815	 140.0488
2010	05	13	0.0000	 0.7834	 0.0000	 1.5568	 0.0000	 37.0107	 630.4550	 140.0370
2010	05	14	0.0000	 0.7513	 0.0000	 1.5548	 0.0000	 36.8373	 628.3353	 140.0239
2010	05	15	0.0000	 0.7580	 0.0000	 1.5526	 0.0000	 36.6833	 626.1922	 140.0103
2010	05	16	0.0000	 0.7595	 0.0000	 1.5505	 0.0000	 36.5446	 624.0348	 139.9965
2010	05	17	0.0000	 0.7528	 0.0000	 1.5485	 0.0000	 36.4183	 621.8736	 139.9827
2010	05	18	0.0000	 0.7134	 0.0000	 1.5466	 0.0000	 36.3039	 619.7417	 139.9690
2010	05	19	0.0000	 0.7737	 0.0000	 1.5450	 0.0000	 36.1945	 617.5459	 139.9554
2010	05	20	0.0000	 0.7835	 0.0000	 1.5435	 0.0000	 36.0916	 615.3353	 139.9420
2010	05	21	0.0000	 0.7834	 0.0000	 1.5421	 0.0000	 35.9947	 613.1198	 139.9288
2010	05	22	0.0000	 0.7678	 0.0000	 1.5409	 0.0000	 35.9041	 610.9148	 139.9157
2010	05	23	0.0000	 0.7328	 0.0000	 1.5399	 0.0000	 35.8200	 608.7393	 139.9028
2010	05	24	0.0000	 0.8035	 0.0000	 1.5389	 0.0000	 35.7363	 606.4934	 139.8900
2010	05	25	6.7600	 0.7390	 1.1125	 1.5381	 0.0000	 40.4072	 605.1885	 139.8773
2010	05	26	0.0000	 0.8087	 0.0000	 1.5374	 0.0000	 38.7994	 604.4791	 139.8654
2010	05	27	0.0000	 0.7738	 0.0000	 1.5368	 0.0000	 38.1673	 602.8123	 139.8538
2010	05	28	7.2300	 0.7208	 1.1843	 1.5363	 0.0000	 41.0186	 603.7437	 139.8427
2010	05	29	0.0000	 0.8080	 0.0000	 1.5360	 0.0000	 38.9148	 603.5300	 139.8333
2010	05	30	0.0000	 0.7843	 0.0000	 1.5358	 0.0000	 38.2317	 601.9024	 139.8238
2010	05	31	0.0000	 0.8646	 0.0000	 1.5356	 0.0000	 37.8032	 599.9405	 139.8141
2010	06	01	0.0000	 0.8564	 0.0000	 1.5353	 0.0000	 37.4889	 597.8734	 139.8039
2010	06	02	0.0000	 0.8028	 0.0000	 1.5351	 0.0000	 37.2412	 595.7938	 139.7933
2010	06	03	0.0000	 0.7075	 0.0000	 1.5348	 0.0000	 37.0388	 593.7647	 139.7825
2010	06	04	0.0000	 0.7368	 0.0000	 1.5346	 0.0000	 36.8627	 591.6805	 139.7713
2010	06	05	0.0000	 0.7876	 0.0000	 1.5344	 0.0000	 36.7045	 589.5280	 139.7599
2010	06	06	0.0000	 0.7947	 0.0000	 1.5250	 0.0000	 36.5620	 587.4465	 139.6643
2010	06	07	0.0000	 0.7743	 0.0000	 1.4653	 0.0000	 36.4332	 585.5700	 139.4301
2010	06	08	0.0000	 0.7785	 0.0000	 1.3694	 0.0000	 36.3143	 583.8519	 139.1191
2010	06	09	0.0000	 0.7808	 0.0000	 1.2605	 0.0000	 36.2037	 582.2654	 138.7749
2010	06	10	0.0000	 0.7855	 0.0000	 1.1518	 0.0000	 36.0999	 580.7888	 138.4179
2010	06	11	0.0000	 0.8681	 0.0000	 1.0444	 0.0000	 35.9981	 579.3718	 138.0242
2010	06	12	0.0000	 0.8942	 0.0000	 0.9417	 0.0000	 35.9007	 578.0262	 137.6313
2010	06	13	0.0000	 0.8317	 0.0000	 0.8540	 0.0000	 35.8115	 576.7809	 137.2801
2010	06	14	0.0000	 0.8156	 0.0000	 0.7811	 0.0000	 35.7275	 575.6067	 136.9416
2010	06	15	0.0000	 0.8070	 0.0000	 0.7179	 0.0000	 35.6477	 574.4921	 136.6111
2010	06	16	0.0000	 0.8039	 0.0000	 0.6629	 0.0000	 35.5715	 573.4283	 136.2844
2010	06	17	0.0000	 0.7740	 0.0000	 0.6162	 0.0000	 35.4996	 572.4213	 135.9731
2010	06	18	0.0000	 0.7269	 0.0000	 0.5781	 0.0000	 35.4327	 571.4744	 135.6819
2010	06	19	0.0000	 0.7258	 0.0000	 0.5468	 0.0000	 35.3681	 570.5624	 135.3859
2010	06	20	0.0000	 0.8030	 0.0000	 0.5189	 0.0000	 35.3018	 569.6486	 135.0441
2010	06	21	0.0000	 0.8191	 0.0000	 0.4956	 0.0000	 35.2368	 568.7577	 134.6853
2010	06	22	0.0000	 0.8016	 0.0000	 0.4798	 0.0000	 35.1747	 567.9036	 134.3201
2010	06	23	0.0000	 0.7806	 0.0000	 0.4723	 0.0000	 35.1153	 567.0842	 133.9459
2010	06	24	0.0000	 0.8103	 0.0000	 0.4701	 0.0000	 35.0561	 566.2753	 133.5336
2010	06	25	0.0000	 0.8137	 0.0000	 0.4682	 0.0000	 34.9983	 565.4866	 133.0981
2010	06	26	0.0000	 0.8641	 0.0000	 0.4662	 0.0000	 34.9396	 564.6968	 132.6164
2010	06	27	0.0000	 0.8814	 0.0000	 0.4640	 0.0000	 34.8815	 563.9193	 132.1065
2010	06	28	0.0000	 0.8531	 0.0000	 0.4618	 0.0000	 34.8260	 563.1723	 131.5942
2010	06	29	0.0000	 0.8356	 0.0000	 0.4595	 0.0000	 34.7725	 562.4496	 131.0754
2010	06	30	0.0000	 0.8331	 0.0000	 0.4572	 0.0000	 34.7202	 561.7439	 130.5430
2010	07	01	0.0000	 0.7933	 0.0000	 0.4549	 0.0000	 34.6707	 561.0698	 130.0185
2010	07	02	0.0000	 0.7907	 0.0000	 0.4525	 0.0000	 34.6222	 560.4100	 129.4835
2010	07	03	0.0000	 0.7637	 0.0000	 0.4502	 0.0000	 34.5757	 559.7743	 128.9518
2010	07	04	0.0000	 0.7608	 0.0000	 0.4478	 0.0000	 34.5302	 559.1516	 128.4114
2010	07	05	0.0000	 0.7290	 0.0000	 0.4455	 0.0000	 34.4869	 558.5537	 127.8783
2010	07	06	0.0000	 0.7865	 0.0000	 0.4430	 0.0000	 34.4417	 557.9412	 127.3064
2010	07	07	0.0000	 0.8015	 0.0000	 0.4405	 0.0000	 34.3967	 557.3324	 126.7182
2010	07	08	0.0000	 0.8024	 0.0000	 0.4379	 0.0000	 34.3523	 556.7330	 126.1217
2010	07	09	0.0000	 0.7957	 0.0000	 0.4352	 0.0000	 34.3089	 556.1456	 125.5216
2010	07	10	0.0000	 0.8279	 0.0000	 0.4326	 0.0000	 34.2648	 555.5527	 124.8982
2010	07	11	0.0000	 0.8422	 0.0000	 0.4298	 0.0000	 34.2207	 554.9620	 124.2610
2010	07	12	0.0000	 0.8381	 0.0000	 0.4270	 0.0000	 34.1774	 554.3817	 123.6195
2010	07	13	0.0000	 0.8291	 0.0000	 0.4241	 0.0000	 34.1351	 553.8131	 122.9771
2010	07	14	0.0000	 0.8238	 0.0000	 0.4213	 0.0000	 34.0936	 553.2539	 122.3328
2010	07	15	0.0000	 0.8337	 0.0000	 0.4184	 0.0000	 34.0522	 552.6970	 121.6790
2010	07	16	0.0000	 0.8348	 0.0000	 0.4156	 0.0000	 34.0112	 552.1465	 121.0201
2010	07	17	0.0000	 0.8267	 0.0000	 0.4127	 0.0000	 33.9712	 551.6063	 120.3609
2010	07	18	0.0000	 0.8193	 0.0000	 0.4098	 0.0000	 33.9319	 551.0757	 119.7018
2010	07	19	0.0000	 0.8312	 0.0000	 0.4068	 0.0000	 33.8926	 550.5451	 119.0337
2010	07	20	0.0000	 0.8364	 0.0000	 0.4039	 0.0000	 33.8535	 550.0177	 118.3599
2010	07	21	0.0000	 0.8349	 0.0000	 0.4009	 0.0000	 33.8149	 549.4967	 117.6836
2010	07	22	0.0000	 0.8465	 0.0000	 0.3979	 0.0000	 33.7763	 548.9756	 116.9989
2010	07	23	0.0000	 0.8454	 0.0000	 0.3949	 0.0000	 33.7382	 548.4602	 116.3122
2010	07	24	0.0000	 0.8373	 0.0000	 0.3919	 0.0000	 33.7008	 547.9534	 115.6271
2010	07	25	0.0000	 0.8362	 0.0000	 0.3888	 0.0000	 33.6639	 547.4518	 114.9406
2010	07	26	0.0000	 0.8369	 0.0000	 0.3858	 0.0000	 33.6273	 546.9544	 114.2518
2010	07	27	0.0000	 0.8252	 0.0000	 0.3828	 0.0000	 33.5915	 546.4663	 113.5677
2010	07	28	0.0000	 0.8558	 0.0000	 0.3797	 0.0000	 33.5549	 545.9683	 112.8667
2010	07	29	0.0000	 0.8645	 0.0000	 0.3766	 0.0000	 33.5183	 545.4706	 112.1599
2010	07	30	0.0000	 0.8607	 0.0000	 0.3735	 0.0000	 33.4822	 544.9789	 111.4534
2010	07	31	0.0000	 0.8546	 0.0000	 0.3704	 0.0000	 33.4468	 544.4938	 110.7490
2010	08	01	0.0000	 0.7568	 0.0000	 0.3674	 0.0000	 33.4151	 544.0533	 110.0969
2010	08	02	0.0000	 0.7489	 0.0000	 0.3646	 0.0000	 33.3840	 543.6191	 109.4488
2010	08	03	0.0000	 0.7580	 0.0000	 0.3617	 0.0000	 33.3529	 543.1838	 108.7955
2010	08	04	0.0000	 0.7650	 0.0000	 0.3588	 0.0000	 33.3217	 542.7486	 108.1381
2010	08	05	0.0000	 0.7654	 0.0000	 0.3559	 0.0000	 33.2908	 542.3163	 107.4799
2010	08	06	0.0000	 0.7630	 0.0000	 0.3530	 0.0000	 33.2603	 541.8877	 106.8231
2010	08	07	0.0000	 0.7488	 0.0000	 0.3502	 0.0000	 33.2295	 541.4644	 106.1781
2010	08	08	0.0000	 0.7430	 0.0000	 0.3473	 0.0000	 33.1988	 541.0420	 105.5409
2010	08	09	0.0000	 0.7361	 0.0000	 0.3446	 0.0000	 33.1683	 540.6210	 104.9118
2010	08	10	0.0000	 0.7189	 0.0000	 0.3418	 0.0000	 33.1383	 540.2063	 104.2957
2010	08	11	0.0000	 0.7075	 0.0000	 0.3391	 0.0000	 33.1087	 539.7951	 103.6899
2010	08	12	0.0000	 0.7036	 0.0000	 0.3365	 0.0000	 33.0790	 539.3837	 103.0909
2010	08	13	0.0000	 0.6960	 0.0000	 0.3338	 0.0000	 33.0495	 538.9737	 102.5005
2010	08	14	0.0000	 0.6440	 0.0000	 0.3313	 0.0000	 33.0219	 538.5863	 101.9402
2010	08	15	0.0000	 0.6121	 0.0000	 0.3289	 0.0000	 32.9954	 538.2127	 101.3994
2010	08	16	0.0000	 0.6664	 0.0000	 0.3265	 0.0000	 32.9667	 537.8109	 100.8371
2010	08	17	0.0000	 0.6520	 0.0000	 0.3240	 0.0000	 32.9384	 537.4141	 100.2861
2010	08	18	0.0000	 0.6544	 0.0000	 0.3216	 0.0000	 32.9099	 537.0137	 99.7390
2010	08	19	0.0000	 0.6609	 0.0000	 0.3192	 0.0000	 32.8809	 536.6075	 99.1942
2010	08	20	0.0000	 0.6418	 0.0000	 0.3168	 0.0000	 32.8526	 536.2089	 98.6625
2010	08	21	0.0000	 0.6321	 0.0000	 0.3145	 0.0000	 32.8246	 535.8130	 98.1399
2010	08	22	0.0000	 0.6124	 0.0000	 0.3122	 0.0000	 32.7971	 535.4247	 97.6311
2010	08	23	0.0000	 0.5824	 0.0000	 0.3100	 0.0000	 32.7707	 535.0501	 97.1397
2010	08	24	0.0000	 0.6015	 0.0000	 0.3078	 0.0000	 32.7434	 534.6629	 96.6449
2010	08	25	0.0000	 0.6028	 0.0000	 0.3057	 0.0000	 32.7159	 534.2726	 96.1542
2010	08	26	0.0000	 0.5843	 0.0000	 0.3035	 0.0000	 32.6890	 533.8904	 95.6755
2010	08	27	0.0000	 0.5617	 0.0000	 0.3015	 0.0000	 32.6629	 533.5182	 95.2106
2010	08	28	0.0000	 0.5509	 0.0000	 0.2994	 0.0000	 32.6370	 533.1500	 94.7544
2010	08	29	0.0000	 0.5578	 0.0000	 0.2974	 0.0000	 32.6108	 532.7760	 94.2994
2010	08	30	0.0000	 0.5548	 0.0000	 0.2954	 0.0000	 32.5845	 532.4015	 93.8500
2010	08	31	0.0000	 0.5491	 0.0000	 0.2935	 0.0000	 32.5583	 532.0278	 93.4073
2010	09	01	0.0000	 0.5429	 0.0000	 0.2915	 0.0000	 32.5321	 531.6549	 92.9719
2010	09	02	0.0000	 0.5295	 0.0000	 0.2896	 0.0000	 32.5064	 531.2877	 92.5457
2010	09	03	0.0000	 0.5163	 0.0000	 0.2878	 0.0000	 32.4810	 530.9261	 92.1287
2010	09	04	0.0000	 0.4990	 0.0000	 0.2860	 0.0000	 32.4563	 530.5743	 91.7203
2010	09	05	0.0000	 0.4970	 0.0000	 0.2841	 0.0000	 32.4321	 530.2295	 91.3082
2010	09	06	0.0000	 0.4993	 0.0000	 0.2823	 0.0000	 32.4078	 529.8846	 90.8957
2010	09	07	0.0000	 0.5100	 0.0000	 0.2805	 0.0000	 32.3827	 529.5287	 90.4861
2010	09	08	0.0000	 0.5118	 0.0000	 0.2787	 0.0000	 32.3584	 529.1853	 90.0634
2010	09	09	0.0000	 0.5132	 0.0000	 0.2768	 0.0000	 32.3345	 528.8504	 89.6322
2010	09	10	0.0000	 0.4889	 0.0000	 0.2749	 0.0000	 32.3122	 528.5349	 89.2061
2010	09	11	0.0000	 0.4906	 0.0000	 0.2731	 0.0000	 32.2880	 528.1904	 88.8111
2010	09	12	0.0000	 0.4862	 0.0000	 0.2714	 0.0000	 32.2636	 527.8420	 88.4262
2010	09	13	0.0000	 0.4894	 0.0000	 0.2697	 0.0000	 32.2393	 527.4957	 88.0378
2010	09	14	0.0000	 0.4928	 0.0000	 0.2680	 0.0000	 32.2150	 527.1489	 87.6482
2010	09	15	0.0000	 0.4966	 0.0000	 0.2662	 0.0000	 32.1908	 526.8060	 87.2523
2010	09	16	0.0000	 0.4954	 0.0000	 0.2645	 0.0000	 32.1669	 526.4654	 86.8570
2010	09	17	0.0000	 0.4890	 0.0000	 0.2628	 0.0000	 32.1429	 526.1238	 86.4708
2010	09	18	0.0000	 0.4903	 0.0000	 0.2611	 0.0000	 32.1192	 525.7870	 86.0798
2010	09	19	0.0000	 0.4963	 0.0000	 0.2593	 0.0000	 32.0953	 525.4481	 85.6870
2010	09	20	0.0000	 0.4975	 0.0000	 0.2576	 0.0000	 32.0720	 525.1070	 85.2963
2010	09	21	0.0000	 0.4877	 0.0000	 0.2559	 0.0000	 32.0493	 524.7734	 84.9090
2010	09	22	0.0000	 0.4791	 0.0000	 0.2542	 0.0000	 32.0269	 524.4441	 84.5273
2010	09	23	0.0000	 0.4754	 0.0000	 0.2525	 0.0000	 32.0045	 524.1143	 84.1517
2010	09	24	0.0000	 0.4829	 0.0000	 0.2509	 0.0000	 31.9821	 523.7846	 83.7700
2010	09	25	0.0000	 0.4870	 0.0000	 0.2492	 0.0000	 31.9599	 523.4583	 83.3822
2010	09	26	0.0000	 0.4667	 0.0000	 0.2474	 0.0000	 31.9400	 523.1809	 82.9653
2010	09	27	0.0000	 0.4523	 0.0000	 0.2456	 0.0000	 31.9199	 522.9220	 82.5465
2010	09	28	0.0000	 0.4717	 0.0000	 0.2438	 0.0000	 31.8985	 522.6058	 82.1686
2010	09	29	0.0000	 0.4677	 0.0000	 0.2422	 0.0000	 31.8766	 522.2823	 81.8040
2010	09	30	0.0000	 0.4724	 0.0000	 0.2406	 0.0000	 31.8546	 521.9565	 81.4389
2010	10	01	0.0000	 0.4890	 0.0000	 0.2390	 0.0000	 31.8318	 521.6204	 81.0698
2010	10	02	0.0000	 0.4914	 0.0000	 0.2373	 0.0000	 31.8099	 521.2968	 80.6866
2010	10	03	0.0000	 0.3064	 0.0000	 0.2360	 0.0000	 31.7890	 520.9874	 80.4745
2010	10	04	0.0000	 0.3118	 0.0000	 0.2350	 0.0000	 31.7678	 520.6735	 80.2628
2010	10	05	0.0000	 0.3019	 0.0000	 0.2341	 0.0000	 31.7474	 520.3693	 80.0516
2010	10	06	0.0000	 0.2849	 0.0000	 0.2332	 0.0000	 31.7280	 520.0813	 79.8408
2010	10	07	0.0000	 0.2870	 0.0000	 0.2323	 0.0000	 31.7086	 519.7917	 79.6305
2010	10	08	0.0000	 0.2172	 0.0000	 0.2313	 0.0000	 31.6857	 519.5759	 79.4207
2010	10	09	0.0000	 0.2521	 0.0000	 0.2304	 0.0000	 31.6596	 519.3287	 79.2116
2010	10	10	0.0000	 0.2871	 0.0000	 0.2295	 0.0000	 31.6376	 519.0427	 79.0030
2010	10	11	0.0000	 0.3053	 0.0000	 0.2286	 0.0000	 31.6161	 518.7384	 78.7949
2010	10	12	0.0000	 0.3055	 0.0000	 0.2277	 0.0000	 31.5910	 518.4379	 78.5872
2010	10	13	0.0000	 0.2919	 0.0000	 0.2267	 0.0000	 31.5664	 518.1510	 78.3801
2010	10	14	0.0000	 0.3278	 0.0000	 0.2258	 0.0000	 31.5442	 517.8261	 78.1736
2010	10	15	0.0000	 0.3487	 0.0000	 0.2249	 0.0000	 31.5212	 517.4816	 77.9674
2010	10	16	0.0000	 0.3026	 0.0000	 0.2240	 0.0000	 31.5012	 517.1806	 77.7618
2010	10	17	0.0000	 0.2858	 0.0000	 0.2231	 0.0000	 31.4824	 516.8957	 77.5567
2010	10	18	0.0000	 0.2864	 0.0000	 0.2222	 0.0000	 31.4635	 516.6105	 77.3522
2010	10	19	0.0000	 0.3093	 0.0000	 0.2213	 0.0000	 31.4432	 516.3042	 77.1481
2010	10	20	0.0000	 0.3116	 0.0000	 0.2204	 0.0000	 31.4228	 515.9960	 76.9447
2010	10	21	0.0000	 0.3214	 0.0000	 0.2195	 0.0000	 31.4018	 515.6791	 76.7417
2010	10	22	0.0000	 0.3394	 0.0000	 0.2186	 0.0000	 31.3797	 515.3456	 76.5393
2010	10	23	0.0000	 0.3485	 0.0000	 0.2177	 0.0000	 31.3570	 515.0040	 76.3373
2010	10	24	0.0000	 0.3376	 0.0000	 0.2168	 0.0000	 31.3351	 514.6729	 76.1359
2010	10	25	0.7000	 0.3183	 0.0771	 0.2160	 0.0000	 31.9230	 514.3603	 75.9351
2010	10	26	0.0000	 0.3559	 0.0000	 0.2151	 0.0000	 31.8969	 514.0300	 75.7347
2010	10	27	6.5000	 0.3056	 0.7353	 0.2142	 0.0000	 37.5805	 513.7768	 75.5350
2010	10	28	0.0000	 0.3439	 0.0000	 0.2133	 0.0000	 37.2944	 513.7189	 75.3360
2010	10	29	0.0000	 0.3164	 0.0000	 0.2124	 0.0000	 37.0646	 513.6180	 75.1378
2010	10	30	0.0000	 0.2970	 0.0000	 0.2116	 0.0000	 36.8730	 513.4985	 74.9403
2010	10	31	0.0000	 0.2890	 0.0000	 0.2107	 0.0000	 36.7073	 513.3611	 74.7436
2010	11	01	0.0000	 0.3017	 0.0000	 0.2098	 0.0000	 36.5574	 513.1954	 74.5477
2010	11	02	0.0000	 0.3209	 0.0000	 0.2090	 0.0000	 36.4195	 512.9988	 74.3524
2010	11	03	0.0000	 0.3244	 0.0000	 0.2081	 0.0000	 36.2928	 512.7877	 74.1578
2010	11	04	0.0000	 0.3293	 0.0000	 0.2073	 0.0000	 36.1750	 512.5628	 73.9638
2010	11	05	0.0000	 0.2954	 0.0000	 0.2064	 0.0000	 36.0696	 512.3598	 73.7705
2010	11	06	0.0000	 0.2778	 0.0000	 0.2056	 0.0000	 35.9730	 512.1656	 73.5778
2010	11	07	0.0000	 0.3093	 0.0000	 0.2047	 0.0000	 35.8778	 511.9388	 73.3858
2010	11	08	0.0000	 0.3147	 0.0000	 0.2039	 0.0000	 35.7869	 511.7025	 73.1944
2010	11	09	0.0000	 0.3180	 0.0000	 0.2030	 0.0000	 35.7002	 511.4590	 73.0036
2010	11	10	0.0000	 0.2724	 0.0000	 0.2022	 0.0000	 35.6234	 511.2512	 72.8135
2010	11	11	0.0000	 0.2703	 0.0000	 0.2014	 0.0000	 35.5502	 511.0423	 72.6241
2010	11	12	0.0000	 0.3039	 0.0000	 0.2005	 0.0000	 35.4755	 510.8014	 72.4353
2010	11	13	0.0000	 0.3044	 0.0000	 0.1997	 0.0000	 35.4036	 510.5574	 72.2471
2010	11	14	0.0000	 0.3006	 0.0000	 0.1989	 0.0000	 35.3347	 510.3143	 72.0595
2010	11	15	0.0000	 0.3084	 0.0000	 0.1980	 0.0000	 35.2672	 510.0624	 71.8725
2010	11	16	0.0000	 0.3026	 0.0000	 0.1972	 0.0000	 35.2023	 509.8138	 71.6862
2010	11	17	0.0000	 0.3115	 0.0000	 0.1964	 0.0000	 35.1382	 509.5558	 71.5005
2010	11	18	0.0000	 0.3273	 0.0000	 0.1956	 0.0000	 35.0740	 509.2823	 71.3154
2010	11	19	0.0000	 0.3619	 0.0000	 0.1948	 0.0000	 35.0067	 508.9773	 71.1309
2010	11	20	9.9300	 0.3837	 1.1225	 0.1940	 0.0000	 41.3589	 511.0239	 70.9473
2010	11	21	24.2700	 12.3124	 1.3922	 0.1932	 0.0000	 41.7296	 521.2016	 70.7711
2010	11	22	0.0000	 0.4398	 0.0000	 0.1924	 0.0000	 38.9840	 523.4950	 70.6059
2010	11	23	0.0000	 0.4156	 0.0000	 0.1917	 0.0000	 38.2605	 523.7740	 70.4431
2010	11	24	0.0000	 0.3868	 0.0000	 0.1910	 0.0000	 37.8204	 523.7981	 70.2813
2010	11	25	0.0000	 0.3742	 0.0000	 0.1903	 0.0000	 37.5004	 523.7148	 70.1202
2010	11	26	0.0000	 0.3745	 0.0000	 0.1896	 0.0000	 37.2460	 523.5658	 69.9596
2010	11	27	0.0000	 0.3800	 0.0000	 0.1888	 0.0000	 37.0327	 523.3706	 69.7993
2010	11	28	0.0000	 0.3968	 0.0000	 0.1881	 0.0000	 36.8463	 523.1320	 69.6393
2010	11	29	5.8500	 0.3707	 0.6951	 0.1874	 0.0000	 40.5510	 524.1685	 69.4801
2010	11	30	0.0000	 0.4164	 0.0000	 0.1867	 0.0000	 38.8270	 525.4589	 69.3253
2010	12	01	0.0000	 0.4484	 0.0000	 0.1861	 0.0000	 38.1716	 525.6327	 69.1724
2010	12	02	0.0000	 0.4235	 0.0000	 0.1854	 0.0000	 37.7551	 525.5923	 69.0204
2010	12	03	0.0000	 0.4437	 0.0000	 0.1847	 0.0000	 37.4428	 525.4278	 68.8688
2010	12	04	0.0000	 0.4524	 0.0000	 0.1841	 0.0000	 37.1904	 525.1950	 68.7174
2010	12	05	0.0000	 0.4057	 0.0000	 0.1834	 0.0000	 36.9831	 524.9644	 68.5662
2010	12	06	45.4700	 0.3578	 5.8210	 0.1828	 0.0000	 43.3437	 557.7800	 68.4829
2010	12	07	0.0000	 0.5222	 0.0000	 0.1830	 0.0000	 39.0238	 561.2437	 68.6494
2010	12	08	0.0000	 0.4287	 0.0000	 0.1838	 0.0000	 38.2851	 561.1900	 68.8292
2010	12	09	0.0000	 0.4233	 0.0000	 0.1846	 0.0000	 37.8386	 560.8541	 69.0037
2010	12	10	30.3200	 0.3483	 4.3527	 0.1856	 0.0000	 42.8194	 580.8508	 69.4441
2010	12	11	0.0000	 0.4631	 0.0000	 0.1894	 0.0000	 39.0305	 582.7981	 70.6487
2010	12	12	0.0000	 0.4550	 0.0000	 0.1947	 0.0000	 38.2868	 581.7298	 71.8110
2010	12	13	0.0000	 0.4496	 0.0000	 0.1996	 0.0000	 37.8379	 580.4680	 72.8724
2010	12	14	0.0000	 0.4609	 0.0000	 0.2041	 0.0000	 37.5106	 579.1697	 73.8331
2010	12	15	0.0000	 0.4793	 0.0000	 0.2081	 0.0000	 37.2492	 577.8767	 74.7001
2010	12	16	0.0000	 0.4753	 0.0000	 0.2117	 0.0000	 37.0311	 576.6254	 75.4823
2010	12	17	0.0000	 0.4689	 0.0000	 0.2150	 0.0000	 36.8432	 575.4231	 76.1886
2010	12	18	0.0000	 0.4717	 0.0000	 0.2180	 0.0000	 36.6766	 574.2617	 76.8270
2010	12	19	0.0000	 0.4796	 0.0000	 0.2207	 0.0000	 36.5256	 573.1352	 77.4042
2010	12	20	14.7000	 0.3216	 2.1442	 0.2232	 0.0000	 41.9364	 579.0925	 78.0316
2010	12	21	0.0000	 0.3717	 0.0000	 0.2268	 0.0000	 39.0063	 580.4625	 79.0087
2010	12	22	9.9700	 0.3371	 1.5003	 0.2312	 0.0000	 41.4648	 584.7971	 80.1016
2010	12	23	9.9700	 5.3132	 0.7123	 0.2369	 0.0000	 40.5969	 587.8594	 81.6149
2010	12	24	29.9000	 5.8592	 3.8573	 0.2451	 0.0000	 42.5122	 603.2100	 84.2874
2010	12	25	19.9300	 6.8153	 2.2230	 0.2629	 0.0000	 41.7698	 609.2425	 89.6261
2010	12	26	0.0000	 0.5447	 0.0000	 0.2880	 0.0000	 38.9944	 605.6700	 95.1568
2010	12	27	0.0000	 0.6683	 0.0000	 0.3091	 0.0000	 38.2720	 601.3907	 99.1811
2010	12	28	0.0000	 0.8530	 0.0000	 0.3243	 0.0000	 37.8256	 597.7403	 102.1006
2010	12	29	0.0000	 0.8410	 0.0000	 0.3356	 0.0000	 37.5030	 594.6611	 104.3257
2010	12	30	0.0000	 0.8394	 0.0000	 0.3443	 0.0000	 37.2485	 592.0031	 106.0545
2010	12	31	0.0000	 0.8264	 0.0000	 0.3511	 0.0000	 37.0378	 589.6691	 107.4216
