2010	01	01	0.0000	 2.4038	 0.0000	 2.6106	 0.0000	 42.2198	 701.4256	 140.2851
2010	01	02	18.4400	 1.6675	 13.4077	 2.6106	 0.0000	 42.9561	 701.4256	 140.2851
2010	01	03	18.4400	 3.1490	 11.0129	 2.6106	 0.0000	 44.6236	 701.4256	 140.2851
2010	01	04	18.4400	 3.3431	 12.4863	 2.6106	 0.0000	 44.6236	 701.4256	 140.2851
2010	01	05	12.2900	 3.7501	 5.9293	 2.6106	 0.0000	 44.6236	 701.4256	 140.2851
2010	01	06	35.1800	 3.8579	 28.7115	 2.6106	 0.0000	 44.6236	 701.4256	 140.2851
2010	01	07	24.1200	 3.5104	 17.9990	 2.6106	 0.0000	 44.6236	 701.4256	 140.2851
2010	01	08	14.0700	 3.1047	 8.3547	 2.6106	 0.0000	 44.6236	 701.4256	 140.2851
2010	01	09	0.0000	 2.6701	 0.0000	 2.6106	 0.0000	 39.9642	 700.8222	 140.2851
2010	01	10	7.0400	 1.5634	 2.5377	 2.6106	 0.0000	 40.9283	 700.1685	 140.2851
2010	01	11	10.5500	 3.8074	 2.4474	 2.6106	 0.0000	 41.3564	 701.4249	 140.2851
2010	01	12	21.1000	 4.3460	 10.8755	 2.6106	 0.0000	 44.6236	 701.4256	 140.2851
2010	01	13	0.0000	 1.6360	 0.0000	 2.6106	 0.0000	 40.4880	 701.3324	 140.2851
2010	01	14	0.0000	 1.8010	 0.0000	 2.6106	 0.0000	 38.7438	 698.6650	 140.2851
2010	01	15	0.0000	 2.0145	 0.0000	 2.6106	 0.0000	 38.0075	 694.7763	 140.2851
2010	01	16	0.0000	 2.0937	 0.0000	 2.6106	 0.0000	 37.5028	 690.5766	 140.2851
2010	01	17	0.0000	 2.0889	 0.0000	 2.6106	 0.0000	 37.1038	 686.2761	 140.2851
2010	01	18	0.0000	 1.8681	 0.0000	 2.6106	 0.0000	 36.7833	 682.1180	 140.2851
2010	01	19	0.0000	 2.0654	 0.0000	 2.6106	 0.0000	 36.4795	 677.7458	 140.2851
2010	01	20	0.0000	 2.1772	 0.0000	 2.6106	 0.0000	 36.1901	 673.2473	 140.2851
2010	01	21	0.0000	 2.1765	 0.0000	 2.6106	 0.0000	 35.9238	 668.7265	 140.2851
2010	01	22	0.0000	 2.1827	 0.0000	 2.6106	 0.0000	 35.6757	 664.1814	 140.2851
2010	01	23	22.7500	 1.8729	 5.3516	 2.6106	 0.0000	 42.3265	 670.4277	 140.2851
2010	01	24	0.0000	 2.5831	 0.0000	 2.6106	 0.0000	 38.9163	 668.6621	 140.2851
2010	01	25	0.0000	 2.9751	 0.0000	 2.6106	 0.0000	 38.0409	 663.9516	 140.2851
2010	01	26	0.0000	 2.8371	 0.0000	 2.6106	 0.0000	 37.4671	 659.0778	 140.2851
2010	01	27	0.0000	 2.3921	 0.0000	 2.6106	 0.0000	 37.0478	 654.4943	 140.2851
2010	01	28	0.0000	 2.3476	 0.0000	 2.6106	 0.0000	 36.6909	 649.8930	 140.2851
2010	01	29	0.0000	 2.3145	 0.0000	 2.6106	 0.0000	 36.3725	 645.2863	 140.2851
2010	01	30	0.0000	 2.2861	 0.0000	 2.6106	 0.0000	 36.0812	 640.6809	 140.2851
2010	01	31	0.0000	 2.4506	 0.0000	 2.6106	 0.0000	 35.7979	 635.9030	 140.2851
2010	02	01	0.0000	 2.6827	 0.0000	 2.6106	 0.0000	 35.5122	 630.8954	 140.2851
2010	02	02	0.0000	 2.6463	 0.0000	 2.6106	 0.0000	 35.2478	 625.9029	 140.2851
2010	02	03	12.6500	 1.7831	 2.3167	 2.6106	 0.0000	 41.6689	 625.4011	 140.2851
2010	02	04	12.6500	 3.4780	 1.7160	 2.6106	 0.0000	 41.3212	 630.5941	 140.2851
2010	02	05	6.3200	 3.8832	 0.4515	 2.6106	 0.0000	 39.9300	 631.3601	 140.2851
2010	02	06	0.0000	 1.8658	 0.0000	 2.6106	 0.0000	 38.5756	 628.2582	 140.2851
2010	02	07	12.8700	 1.0106	 2.4295	 2.6106	 0.0000	 41.7103	 631.9225	 140.2851
2010	02	08	0.0000	 1.5344	 0.0000	 2.6106	 0.0000	 38.9340	 630.5741	 140.2851
2010	02	09	0.0000	 1.9799	 0.0000	 2.6106	 0.0000	 38.1263	 626.7913	 140.2851
2010	02	10	0.0000	 2.0841	 0.0000	 2.6106	 0.0000	 37.5944	 622.6286	 140.2851
2010	02	11	0.0000	 2.1624	 0.0000	 2.6106	 0.0000	 37.1745	 618.2754	 140.2851
2010	02	12	0.0000	 2.1161	 0.0000	 2.6106	 0.0000	 36.8235	 613.8997	 140.2851
2010	02	13	0.0000	 2.0304	 0.0000	 2.6100	 0.0000	 36.5198	 609.5773	 140.2709
2010	02	14	0.0000	 2.2506	 0.0000	 2.5383	 0.0000	 36.2210	 605.3395	 140.0186
2010	02	15	0.0000	 2.6568	 0.0000	 2.3422	 0.0000	 35.9075	 601.0475	 139.6250
2010	02	16	0.0000	 2.4504	 0.0000	 2.1252	 0.0000	 35.6357	 597.1619	 139.2068
2010	02	17	3.6000	 1.9244	 0.5677	 1.9385	 0.0000	 38.2844	 594.0526	 138.8166
2010	02	18	14.4100	 5.0209	 1.4854	 1.8008	 0.0000	 41.3731	 597.3308	 138.5525
2010	02	19	7.2100	 4.6625	 0.4002	 1.7541	 0.0000	 39.9854	 599.1219	 138.5423
2010	02	20	0.0000	 1.9574	 0.0000	 1.7572	 0.0000	 38.5846	 596.8400	 138.5306
2010	02	21	0.0000	 1.8602	 0.0000	 1.7360	 0.0000	 37.9271	 594.0155	 138.4164
2010	02	22	12.7900	 1.2639	 2.0469	 1.6946	 0.0000	 41.7427	 598.0524	 138.3282
2010	02	23	12.7900	 6.1482	 1.0718	 1.7137	 0.0000	 40.9640	 602.4638	 138.5519
2010	02	24	0.0000	 2.1288	 0.0000	 1.8086	 0.0000	 38.8115	 600.4556	 138.7953
2010	02	25	0.0000	 2.2243	 0.0000	 1.8548	 0.0000	 38.0376	 597.1495	 138.7962
2010	02	26	0.0000	 2.1692	 0.0000	 1.8245	 0.0000	 37.5218	 593.8224	 138.6455
2010	02	27	2.2700	 1.7772	 0.3525	 1.7570	 0.0000	 38.7806	 591.1424	 138.4298
2010	02	28	0.0000	 2.4680	 0.0000	 1.6829	 0.0000	 37.9989	 588.0373	 138.1859
2010	03	01	5.8500	 1.8861	 0.8987	 1.6118	 0.0000	 40.6563	 587.0610	 137.9381
2010	03	02	23.4200	 4.2192	 3.0456	 1.5709	 0.0000	 42.2415	 600.0261	 137.9720
2010	03	03	5.8500	 5.1961	 0.1090	 1.6504	 0.0000	 39.3424	 601.3557	 138.4420
2010	03	04	5.8500	 3.9388	 0.3875	 1.7821	 0.0000	 39.4060	 600.6977	 138.7721
2010	03	05	11.7100	 7.3330	 0.6958	 1.8783	 0.0000	 40.4056	 601.2971	 138.9761
2010	03	06	8.4500	 7.1278	 0.2114	 1.9654	 0.0000	 39.4147	 601.2284	 139.1869
2010	03	07	4.2300	 3.4446	 0.2559	 2.0413	 0.0000	 39.1756	 599.8574	 139.2934
2010	03	08	4.2300	 2.9114	 0.4273	 2.0558	 0.0000	 39.7253	 598.1767	 139.2516
2010	03	09	0.0000	 2.1045	 0.0000	 2.0192	 0.0000	 38.4443	 595.4696	 139.1303
2010	03	10	0.0000	 2.6140	 0.0000	 1.9433	 0.0000	 37.7716	 591.8121	 138.9033
2010	03	11	0.0000	 2.7038	 0.0000	 1.8378	 0.0000	 37.2719	 588.0622	 138.6113
2010	03	12	0.0000	 2.4637	 0.0000	 1.7198	 0.0000	 36.8783	 584.6289	 138.2547
2010	03	13	0.0000	 2.6054	 0.0000	 1.5855	 0.0000	 36.5180	 581.1974	 137.8555
2010	03	14	0.0000	 2.4327	 0.0000	 1.4586	 0.0000	 36.2034	 578.0285	 137.4478
2010	03	15	0.0000	 2.3150	 0.0000	 1.3528	 0.0000	 35.9229	 575.0451	 137.0438
2010	03	16	0.0000	 2.3031	 0.0000	 1.2711	 0.0000	 35.6637	 572.1322	 136.6416
2010	03	17	0.0000	 2.5457	 0.0000	 1.2127	 0.0000	 35.3993	 569.0500	 136.2299
2010	03	18	0.0000	 2.3955	 0.0000	 1.1674	 0.0000	 35.1631	 566.1957	 135.7576
2010	03	19	0.0000	 2.0224	 0.0000	 1.1087	 0.0000	 34.9697	 563.7766	 135.2389
2010	03	20	0.0000	 1.8172	 0.0000	 1.0479	 0.0000	 34.8011	 561.6171	 134.7019
2010	03	21	0.0000	 1.8954	 0.0000	 0.9916	 0.0000	 34.6327	 559.4501	 134.1504
2010	03	22	0.0000	 2.0067	 0.0000	 0.9410	 0.0000	 34.4618	 557.2352	 133.5884
2010	03	23	0.0000	 1.8272	 0.0000	 0.8990	 0.0000	 34.3104	 555.2213	 133.0274
2010	03	24	14.1200	 1.4264	 1.9020	 0.8672	 0.0000	 41.8891	 558.0783	 132.4961
2010	03	25	21.1800	 5.9006	 2.1387	 0.8790	 0.0000	 41.9896	 570.4607	 132.2749
2010	03	26	0.0000	 1.8523	 0.0000	 0.9526	 0.0000	 38.9368	 570.8178	 132.1858
2010	03	27	7.5900	 1.2307	 1.0922	 1.0109	 0.0000	 41.1253	 573.0125	 132.0387
2010	03	28	22.7800	 5.2840	 2.6052	 1.0819	 0.0000	 42.1421	 585.7069	 132.1363
2010	03	29	7.5900	 5.6511	 0.2900	 1.1544	 0.0000	 39.7978	 588.1548	 132.5272
2010	03	30	0.0000	 1.6085	 0.0000	 1.2316	 0.0000	 38.5362	 586.3076	 132.8161
2010	03	31	0.0000	 1.6975	 0.0000	 1.2701	 0.0000	 37.9086	 583.8561	 132.9275
2010	04	01	0.0000	 1.6247	 0.0000	 1.2717	 0.0000	 37.4720	 581.4154	 132.9083
2010	04	02	0.0000	 1.6613	 0.0000	 1.2540	 0.0000	 37.1200	 578.9627	 132.7977
2010	04	03	0.0000	 1.7174	 0.0000	 1.2217	 0.0000	 36.8144	 576.5426	 132.5844
2010	04	04	0.0000	 1.7276	 0.0000	 1.1624	 0.0000	 36.5415	 574.2268	 132.2831
2010	04	05	0.0000	 1.7180	 0.0000	 1.0944	 0.0000	 36.2930	 572.0168	 131.9291
2010	04	06	0.0000	 1.7549	 0.0000	 1.0299	 0.0000	 36.0590	 569.8555	 131.5398
2010	04	07	0.0000	 1.8184	 0.0000	 0.9723	 0.0000	 35.8358	 567.7043	 131.1234
2010	04	08	0.0000	 1.7994	 0.0000	 0.9224	 0.0000	 35.6284	 565.6267	 130.6867
2010	04	09	0.0000	 1.6785	 0.0000	 0.8806	 0.0000	 35.4432	 563.7019	 130.2376
2010	04	10	0.0000	 1.7928	 0.0000	 0.8450	 0.0000	 35.2572	 561.7172	 129.7705
2010	04	11	0.0000	 1.8013	 0.0000	 0.8142	 0.0000	 35.0789	 559.7609	 129.2895
2010	04	12	0.0000	 1.7134	 0.0000	 0.7885	 0.0000	 34.9154	 557.9149	 128.7972
2010	04	13	0.0000	 1.6418	 0.0000	 0.7676	 0.0000	 34.7638	 556.1586	 128.2956
2010	04	14	33.9800	 1.3609	 4.7584	 0.7554	 0.0000	 42.9647	 575.3387	 128.0014
2010	04	15	0.0000	 1.6702	 0.0000	 0.8101	 0.0000	 38.9754	 576.5839	 128.2836
2010	04	16	0.0000	 1.6519	 0.0000	 0.9101	 0.0000	 38.1743	 574.7437	 128.3629
2010	04	17	0.0000	 1.6854	 0.0000	 0.9692	 0.0000	 37.6632	 572.7099	 128.2532
2010	04	18	0.0000	 1.7951	 0.0000	 0.9805	 0.0000	 37.2637	 570.5728	 128.0142
2010	04	19	0.0000	 1.9728	 0.0000	 0.9618	 0.0000	 36.9147	 568.3104	 127.6911
2010	04	20	0.0000	 1.9245	 0.0000	 0.9295	 0.0000	 36.6125	 566.1335	 127.3161
2010	04	21	0.0000	 1.7210	 0.0000	 0.8946	 0.0000	 36.3571	 564.1766	 126.9128
2010	04	22	0.0000	 1.7195	 0.0000	 0.8607	 0.0000	 36.1209	 562.2598	 126.4857
2010	04	23	0.0000	 1.7398	 0.0000	 0.8286	 0.0000	 35.9003	 560.3563	 126.0412
2010	04	24	0.0000	 1.7892	 0.0000	 0.7992	 0.0000	 35.6897	 558.4399	 125.5799
2010	04	25	0.0000	 1.6977	 0.0000	 0.7730	 0.0000	 35.4994	 556.6313	 125.1082
2010	04	26	0.0000	 1.5365	 0.0000	 0.7512	 0.0000	 35.3327	 554.9865	 124.6321
2010	04	27	0.0000	 1.4842	 0.0000	 0.7335	 0.0000	 35.1778	 553.4067	 124.1490
2010	04	28	0.0000	 1.3946	 0.0000	 0.7198	 0.0000	 35.0365	 551.9226	 123.6601
2010	04	29	0.0000	 1.4601	 0.0000	 0.7093	 0.0000	 34.8952	 550.3977	 123.1569
2010	04	30	0.0000	 1.4705	 0.0000	 0.7009	 0.0000	 34.7579	 548.8774	 122.6429
2010	05	01	0.0000	 1.2823	 0.0000	 0.6946	 0.0000	 34.6342	 547.5483	 122.1189
2010	05	02	13.2100	 1.2305	 1.7273	 0.6904	 0.0000	 41.8100	 550.4369	 121.5984
2010	05	03	0.0000	 1.5585	 0.0000	 0.6868	 0.0000	 38.9408	 551.5288	 121.1482
2010	05	04	0.0000	 1.5212	 0.0000	 0.6836	 0.0000	 38.1657	 550.5499	 120.6974
2010	05	05	0.0000	 1.5179	 0.0000	 0.6803	 0.0000	 37.6716	 549.3082	 120.2350
2010	05	06	6.8400	 1.1445	 0.9005	 0.6769	 0.0000	 40.9417	 550.5931	 119.7804
2010	05	07	0.0000	 1.4818	 0.0000	 0.6737	 0.0000	 38.8474	 550.9748	 119.3554
2010	05	08	0.0000	 1.5168	 0.0000	 0.6706	 0.0000	 38.1134	 549.9516	 118.9250
2010	05	09	0.0000	 1.6624	 0.0000	 0.6674	 0.0000	 37.6214	 548.5629	 118.4759
2010	05	10	0.0000	 1.7647	 0.0000	 0.6641	 0.0000	 37.2324	 546.9920	 118.0071
2010	05	11	0.0000	 1.6810	 0.0000	 0.6606	 0.0000	 36.9134	 545.4528	 117.5238
2010	05	12	0.0000	 1.4719	 0.0000	 0.6571	 0.0000	 36.6515	 544.0759	 117.0336
2010	05	13	0.0000	 1.4791	 0.0000	 0.6535	 0.0000	 36.4129	 542.6837	 116.5318
2010	05	14	0.0000	 1.4536	 0.0000	 0.6498	 0.0000	 36.1940	 541.3098	 116.0213
2010	05	15	0.0000	 1.5146	 0.0000	 0.6460	 0.0000	 35.9835	 539.8813	 115.4996
2010	05	16	0.0000	 1.5144	 0.0000	 0.6422	 0.0000	 35.7849	 538.4532	 114.9697
2010	05	17	0.0000	 1.4289	 0.0000	 0.6383	 0.0000	 35.6041	 537.1017	 114.4348
2010	05	18	0.0000	 1.3329	 0.0000	 0.6344	 0.0000	 35.4399	 535.8366	 113.8968
2010	05	19	0.0000	 1.3640	 0.0000	 0.6305	 0.0000	 35.2789	 534.5495	 113.3504
2010	05	20	0.0000	 1.3651	 0.0000	 0.6265	 0.0000	 35.1232	 533.2661	 112.7981
2010	05	21	0.0000	 1.3424	 0.0000	 0.6224	 0.0000	 34.9738	 532.0033	 112.2454
2010	05	22	0.0000	 1.3230	 0.0000	 0.6184	 0.0000	 34.8301	 530.7607	 111.6903
2010	05	23	0.0000	 1.2382	 0.0000	 0.6144	 0.0000	 34.6978	 529.5968	 111.1339
2010	05	24	0.0000	 1.3105	 0.0000	 0.6103	 0.0000	 34.5617	 528.3739	 110.5720
2010	05	25	4.9000	 1.0613	 0.5888	 0.6062	 0.0000	 38.5719	 527.5475	 110.0140
2010	05	26	0.0000	 1.2804	 0.0000	 0.6022	 0.0000	 37.9213	 526.8911	 109.4564
2010	05	27	0.0000	 1.2617	 0.0000	 0.5981	 0.0000	 37.4867	 526.0204	 108.9018
2010	05	28	4.4900	 1.0955	 0.5403	 0.5941	 0.0000	 40.1299	 526.1685	 108.3528
2010	05	29	0.0000	 1.3249	 0.0000	 0.5901	 0.0000	 38.6644	 526.2803	 107.8094
2010	05	30	0.0000	 1.3017	 0.0000	 0.5862	 0.0000	 38.0065	 525.5872	 107.2724
2010	05	31	0.0000	 1.3981	 0.0000	 0.5823	 0.0000	 37.5487	 524.6049	 106.7321
2010	06	01	0.0000	 1.3654	 0.0000	 0.5783	 0.0000	 37.1919	 523.5578	 106.1924
2010	06	02	0.0000	 1.2841	 0.0000	 0.5744	 0.0000	 36.8984	 522.5294	 105.6557
2010	06	03	0.0000	 1.1462	 0.0000	 0.5705	 0.0000	 36.6537	 521.5890	 105.1241
2010	06	04	0.0000	 1.0598	 0.0000	 0.5667	 0.0000	 36.4407	 520.7039	 104.5957
2010	06	05	0.0000	 1.2187	 0.0000	 0.5628	 0.0000	 36.2262	 519.6743	 104.0584
2010	06	06	0.0000	 1.2087	 0.0000	 0.5589	 0.0000	 36.0265	 518.6442	 103.5205
2010	06	07	0.0000	 1.1688	 0.0000	 0.5550	 0.0000	 35.8427	 517.6397	 102.9851
2010	06	08	0.0000	 1.1639	 0.0000	 0.5511	 0.0000	 35.6684	 516.6331	 102.4510
2010	06	09	0.0000	 1.1509	 0.0000	 0.5472	 0.0000	 35.5033	 515.6331	 101.9180
2010	06	10	0.0000	 1.1382	 0.0000	 0.5433	 0.0000	 35.3461	 514.6417	 101.3850
2010	06	11	0.0000	 1.2352	 0.0000	 0.5394	 0.0000	 35.1842	 513.5673	 100.8466
2010	06	12	0.0000	 1.2754	 0.0000	 0.5355	 0.0000	 35.0232	 512.4560	 100.3080
2010	06	13	0.0000	 1.1728	 0.0000	 0.5316	 0.0000	 34.8771	 511.4312	 99.7744
2010	06	14	0.0000	 1.1095	 0.0000	 0.5277	 0.0000	 34.7411	 510.4608	 99.2437
2010	06	15	0.0000	 1.0786	 0.0000	 0.5239	 0.0000	 34.6110	 509.5172	 98.7149
2010	06	16	0.0000	 1.0670	 0.0000	 0.5200	 0.0000	 34.4848	 508.5838	 98.1874
2010	06	17	0.0000	 1.0668	 0.0000	 0.5162	 0.0000	 34.3607	 507.6507	 97.6616
2010	06	18	0.0000	 0.9182	 0.0000	 0.5124	 0.0000	 34.2538	 506.8425	 97.1460
2010	06	19	0.0000	 0.9375	 0.0000	 0.5087	 0.0000	 34.1464	 506.0169	 96.6328
2010	06	20	0.0000	 1.0841	 0.0000	 0.5049	 0.0000	 34.0259	 505.0679	 96.1133
2010	06	21	0.0000	 1.1129	 0.0000	 0.5011	 0.0000	 33.9043	 504.0946	 95.5943
2010	06	22	0.0000	 1.0336	 0.0000	 0.4974	 0.0000	 33.7922	 503.1921	 95.0778
2010	06	23	0.0000	 0.9677	 0.0000	 0.4936	 0.0000	 33.6879	 502.3450	 94.5679
2010	06	24	0.0000	 0.9986	 0.0000	 0.4899	 0.0000	 33.5817	 501.4718	 94.0588
2010	06	25	0.0000	 1.0298	 0.0000	 0.4862	 0.0000	 33.4735	 500.5716	 93.5511
2010	06	26	0.0000	 1.0432	 0.0000	 0.4825	 0.0000	 33.3651	 499.6597	 93.0457
2010	06	27	0.0000	 1.0452	 0.0000	 0.4789	 0.0000	 33.2576	 498.7461	 92.5427
2010	06	28	0.0000	 1.0313	 0.0000	 0.4752	 0.0000	 33.1524	 497.8436	 92.0439
2010	06	29	0.0000	 1.0132	 0.0000	 0.4716	 0.0000	 33.0499	 496.9561	 91.5491
2010	06	30	0.0000	 0.9850	 0.0000	 0.4680	 0.0000	 32.9511	 496.0923	 91.0587
2010	07	01	0.0000	 0.9209	 0.0000	 0.4645	 0.0000	 32.8592	 495.2813	 90.5762
2010	07	02	0.0000	 0.9162	 0.0000	 0.4610	 0.0000	 32.7683	 494.4731	 90.0982
2010	07	03	0.0000	 0.8933	 0.0000	 0.4575	 0.0000	 32.6802	 493.6833	 89.6253
2010	07	04	0.0000	 0.8844	 0.0000	 0.4541	 0.0000	 32.5936	 492.9000	 89.1567
2010	07	05	0.0000	 0.8562	 0.0000	 0.4507	 0.0000	 32.5102	 492.1400	 88.6931
2010	07	06	0.0000	 0.8759	 0.0000	 0.4473	 0.0000	 32.4257	 491.3628	 88.2316
2010	07	07	0.0000	 0.8572	 0.0000	 0.4440	 0.0000	 32.3436	 490.6016	 87.7737
2010	07	08	0.0000	 0.8656	 0.0000	 0.4407	 0.0000	 32.2613	 489.8324	 87.3189
2010	07	09	0.0000	 0.8896	 0.0000	 0.4374	 0.0000	 32.1774	 489.0415	 86.8668
2010	07	10	0.0000	 0.8993	 0.0000	 0.4341	 0.0000	 32.0932	 488.2410	 86.4181
2010	07	11	0.0000	 0.9000	 0.0000	 0.4308	 0.0000	 32.0095	 487.4387	 85.9732
2010	07	12	0.0000	 0.8693	 0.0000	 0.4276	 0.0000	 31.9293	 486.6626	 85.5326
2010	07	13	0.0000	 0.8335	 0.0000	 0.4244	 0.0000	 31.8529	 485.9171	 85.0964
2010	07	14	0.0000	 0.8512	 0.0000	 0.4213	 0.0000	 31.7756	 485.1559	 84.6624
2010	07	15	0.0000	 0.8560	 0.0000	 0.4181	 0.0000	 31.6984	 484.3890	 84.2324
2010	07	16	0.0000	 0.8475	 0.0000	 0.4150	 0.0000	 31.6225	 483.6286	 83.8062
2010	07	17	0.0000	 0.8176	 0.0000	 0.4119	 0.0000	 31.5499	 482.8940	 83.3839
2010	07	18	0.0000	 0.7704	 0.0000	 0.4089	 0.0000	 31.4819	 482.1998	 82.9668
2010	07	19	0.0000	 0.7483	 0.0000	 0.4058	 0.0000	 31.4160	 481.5226	 82.5558
2010	07	20	0.0000	 0.7633	 0.0000	 0.4029	 0.0000	 31.3492	 480.8316	 82.1473
2010	07	21	0.0000	 0.7894	 0.0000	 0.3999	 0.0000	 31.2808	 480.1176	 81.7404
2010	07	22	0.0000	 0.8096	 0.0000	 0.3969	 0.0000	 31.2111	 479.3843	 81.3368
2010	07	23	0.0000	 0.7922	 0.0000	 0.3940	 0.0000	 31.1434	 478.6654	 80.9372
2010	07	24	0.0000	 0.7708	 0.0000	 0.3911	 0.0000	 31.0781	 477.9647	 80.5414
2010	07	25	0.0000	 0.7598	 0.0000	 0.3883	 0.0000	 31.0143	 477.2738	 80.1480
2010	07	26	0.0000	 0.7154	 0.0000	 0.3854	 0.0000	 30.9546	 476.6223	 79.7583
2010	07	27	0.0000	 0.7048	 0.0000	 0.3826	 0.0000	 30.8964	 475.9805	 79.3710
2010	07	28	0.0000	 0.7466	 0.0000	 0.3798	 0.0000	 30.8350	 475.3008	 78.9857
2010	07	29	0.0000	 0.7432	 0.0000	 0.3770	 0.0000	 30.7744	 474.6245	 78.6025
2010	07	30	0.0000	 0.7162	 0.0000	 0.3742	 0.0000	 30.7169	 473.9738	 78.2203
2010	07	31	0.0000	 0.7091	 0.0000	 0.3714	 0.0000	 30.6605	 473.3297	 77.8402
2010	08	01	0.0000	 0.6669	 0.0000	 0.3687	 0.0000	 30.6078	 472.7229	 77.4641
2010	08	02	0.0000	 0.6725	 0.0000	 0.3659	 0.0000	 30.5551	 472.1112	 77.0901
2010	08	03	0.0000	 0.6659	 0.0000	 0.3632	 0.0000	 30.5034	 471.5054	 76.7185
2010	08	04	0.0000	 0.6707	 0.0000	 0.3605	 0.0000	 30.4518	 470.8957	 76.3486
2010	08	05	0.0000	 0.6620	 0.0000	 0.3578	 0.0000	 30.4013	 470.2945	 75.9804
2010	08	06	0.0000	 0.6375	 0.0000	 0.3552	 0.0000	 30.3531	 469.7145	 75.6160
2010	08	07	0.0000	 0.6517	 0.0000	 0.3525	 0.0000	 30.3041	 469.1214	 75.2538
2010	08	08	0.0000	 0.6575	 0.0000	 0.3499	 0.0000	 30.2551	 468.5234	 74.8935
2010	08	09	0.0000	 0.6292	 0.0000	 0.3474	 0.0000	 30.2071	 467.9316	 74.5567
2010	08	10	0.0000	 0.6096	 0.0000	 0.3449	 0.0000	 30.1610	 467.3578	 74.2221
2010	08	11	0.0000	 0.5893	 0.0000	 0.3425	 0.0000	 30.1168	 466.8027	 73.8896
2010	08	12	0.0000	 0.5984	 0.0000	 0.3401	 0.0000	 30.0723	 466.2391	 73.5594
2010	08	13	0.0000	 0.6175	 0.0000	 0.3377	 0.0000	 30.0266	 465.6576	 73.2312
2010	08	14	0.0000	 0.6250	 0.0000	 0.3353	 0.0000	 29.9809	 465.0691	 72.9052
2010	08	15	0.0000	 0.6050	 0.0000	 0.3329	 0.0000	 29.9370	 464.4989	 72.5814
2010	08	16	0.0000	 0.5914	 0.0000	 0.3306	 0.0000	 29.8945	 463.9412	 72.2596
2010	08	17	0.0000	 0.5501	 0.0000	 0.3282	 0.0000	 29.8552	 463.4217	 71.9400
2010	08	18	0.0000	 0.5694	 0.0000	 0.3259	 0.0000	 29.8148	 462.8842	 71.6225
2010	08	19	0.0000	 0.5925	 0.0000	 0.3236	 0.0000	 29.7731	 462.3252	 71.3071
2010	08	20	0.0000	 0.5717	 0.0000	 0.3213	 0.0000	 29.7333	 461.7853	 70.9937
2010	08	21	0.0000	 0.5565	 0.0000	 0.3191	 0.0000	 29.6950	 461.2593	 70.6825
2010	08	22	0.0000	 0.5703	 0.0000	 0.3168	 0.0000	 29.6559	 460.7204	 70.3733
2010	08	23	0.0000	 0.5686	 0.0000	 0.3146	 0.0000	 29.6173	 460.1830	 70.0662
2010	08	24	0.0000	 0.5677	 0.0000	 0.3123	 0.0000	 29.5791	 459.6463	 69.7611
2010	08	25	0.0000	 0.5508	 0.0000	 0.3101	 0.0000	 29.5423	 459.1251	 69.4580
2010	08	26	0.0000	 0.5040	 0.0000	 0.3079	 0.0000	 29.5090	 458.6475	 69.1570
2010	08	27	0.0000	 0.5225	 0.0000	 0.3057	 0.0000	 29.4747	 458.1525	 68.8580
2010	08	28	0.0000	 0.5168	 0.0000	 0.3036	 0.0000	 29.4411	 457.6627	 68.5610
2010	08	29	0.0000	 0.4804	 0.0000	 0.3014	 0.0000	 29.4102	 457.2070	 68.2660
2010	08	30	0.0000	 0.4815	 0.0000	 0.2993	 0.0000	 29.3793	 456.7499	 67.9730
2010	08	31	0.0000	 0.4718	 0.0000	 0.2972	 0.0000	 29.3494	 456.3020	 67.6820
2010	09	01	0.0000	 0.4990	 0.0000	 0.2950	 0.0000	 29.3180	 455.8283	 67.3930
2010	09	02	0.0000	 0.4948	 0.0000	 0.2929	 0.0000	 29.2861	 455.3595	 67.1059
2010	09	03	0.0000	 0.4880	 0.0000	 0.2909	 0.0000	 29.2544	 454.8976	 66.8208
2010	09	04	0.0000	 0.4971	 0.0000	 0.2888	 0.0000	 29.2215	 454.4278	 66.5376
2010	09	05	0.0000	 0.4901	 0.0000	 0.2867	 0.0000	 29.1885	 453.9652	 66.2563
2010	09	06	0.0000	 0.4809	 0.0000	 0.2847	 0.0000	 29.1548	 453.5127	 65.9769
2010	09	07	0.0000	 0.4889	 0.0000	 0.2827	 0.0000	 29.1212	 453.0521	 65.6995
2010	09	08	0.0000	 0.4888	 0.0000	 0.2807	 0.0000	 29.0872	 452.5922	 65.4239
2010	09	09	0.0000	 0.4834	 0.0000	 0.2787	 0.0000	 29.0527	 452.1384	 65.1502
2010	09	10	0.0000	 0.4660	 0.0000	 0.2767	 0.0000	 29.0186	 451.7016	 64.8784
2010	09	11	0.0000	 0.4548	 0.0000	 0.2747	 0.0000	 28.9863	 451.2743	 64.6085
2010	09	12	0.0000	 0.4342	 0.0000	 0.2727	 0.0000	 28.9563	 450.8654	 64.3404
2010	09	13	0.0000	 0.4349	 0.0000	 0.2708	 0.0000	 28.9257	 450.4566	 64.0741
2010	09	14	0.0000	 0.4420	 0.0000	 0.2689	 0.0000	 28.8940	 450.0418	 63.8097
2010	09	15	0.0000	 0.4473	 0.0000	 0.2670	 0.0000	 28.8615	 449.6226	 63.5471
2010	09	16	0.0000	 0.4401	 0.0000	 0.2651	 0.0000	 28.8292	 449.2106	 63.2863
2010	09	17	0.0000	 0.4302	 0.0000	 0.2632	 0.0000	 28.7976	 448.8078	 63.0272
2010	09	18	0.0000	 0.4218	 0.0000	 0.2613	 0.0000	 28.7670	 448.4126	 62.7700
2010	09	19	0.0000	 0.4148	 0.0000	 0.2594	 0.0000	 28.7362	 448.0246	 62.5146
2010	09	20	0.0000	 0.4128	 0.0000	 0.2576	 0.0000	 28.7048	 447.6393	 62.2609
2010	09	21	0.0000	 0.4017	 0.0000	 0.2557	 0.0000	 28.6737	 447.2649	 62.0090
2010	09	22	0.0000	 0.3899	 0.0000	 0.2539	 0.0000	 28.6435	 446.9015	 61.7588
2010	09	23	0.0000	 0.3818	 0.0000	 0.2521	 0.0000	 28.6140	 446.5455	 61.5104
2010	09	24	0.0000	 0.3897	 0.0000	 0.2503	 0.0000	 28.5835	 446.1828	 61.2637
2010	09	25	0.0000	 0.3930	 0.0000	 0.2485	 0.0000	 28.5511	 445.8186	 61.0187
2010	09	26	0.0000	 0.3871	 0.0000	 0.2467	 0.0000	 28.5183	 445.4609	 60.7754
2010	09	27	0.0000	 0.3768	 0.0000	 0.2449	 0.0000	 28.4858	 445.1132	 60.5338
2010	09	28	0.0000	 0.3526	 0.0000	 0.2432	 0.0000	 28.4571	 444.7861	 60.2938
2010	09	29	0.0000	 0.3466	 0.0000	 0.2415	 0.0000	 28.4294	 444.4640	 60.0556
2010	09	30	0.0000	 0.3607	 0.0000	 0.2397	 0.0000	 28.3998	 444.1297	 59.8190
2010	10	01	0.0000	 0.3717	 0.0000	 0.2380	 0.0000	 28.3688	 443.7860	 59.5840
2010	10	02	0.0000	 0.3738	 0.0000	 0.2363	 0.0000	 28.3411	 443.4369	 59.3507
2010	10	03	0.0000	 0.3554	 0.0000	 0.2346	 0.0000	 28.3318	 443.0878	 59.1190
2010	10	04	0.0000	 0.3496	 0.0000	 0.2329	 0.0000	 28.3227	 442.7444	 58.8890
2010	10	05	0.0000	 0.3514	 0.0000	 0.2313	 0.0000	 28.3134	 442.3994	 58.6605
2010	10	06	0.0000	 0.3512	 0.0000	 0.2296	 0.0000	 28.3042	 442.0547	 58.4337
2010	10	07	0.0000	 0.3566	 0.0000	 0.2280	 0.0000	 28.2950	 441.7046	 58.2084
2010	10	08	0.0000	 0.3731	 0.0000	 0.2263	 0.0000	 28.2855	 441.3384	 57.9847
2010	10	09	0.0000	 0.4088	 0.0000	 0.2247	 0.0000	 28.2753	 440.9373	 57.7625
2010	10	10	0.0000	 0.4176	 0.0000	 0.2231	 0.0000	 28.2649	 440.5276	 57.5419
2010	10	11	0.0000	 0.3867	 0.0000	 0.2215	 0.0000	 28.2551	 440.1483	 57.3229
2010	10	12	0.0000	 0.3680	 0.0000	 0.2199	 0.0000	 28.2455	 439.7874	 57.1054
2010	10	13	0.0000	 0.3691	 0.0000	 0.2183	 0.0000	 28.2359	 439.4255	 56.8894
2010	10	14	0.0000	 0.3697	 0.0000	 0.2168	 0.0000	 28.2264	 439.0631	 56.6750
2010	10	15	0.0000	 0.3647	 0.0000	 0.2152	 0.0000	 28.2170	 438.7055	 56.4620
2010	10	16	0.0000	 0.3558	 0.0000	 0.2137	 0.0000	 28.2077	 438.3568	 56.2506
2010	10	17	0.0000	 0.3443	 0.0000	 0.2121	 0.0000	 28.1985	 438.0195	 56.0406
2010	10	18	0.0000	 0.3355	 0.0000	 0.2106	 0.0000	 28.1896	 437.6908	 55.8321
2010	10	19	0.0000	 0.3289	 0.0000	 0.2091	 0.0000	 28.1810	 437.3685	 55.6251
2010	10	20	0.0000	 0.3357	 0.0000	 0.2076	 0.0000	 28.1722	 437.0396	 55.4195
2010	10	21	0.0000	 0.3559	 0.0000	 0.2061	 0.0000	 28.1631	 436.6908	 55.2154
2010	10	22	0.0000	 0.3964	 0.0000	 0.2046	 0.0000	 28.1533	 436.3022	 55.0127
2010	10	23	0.0000	 0.3740	 0.0000	 0.2032	 0.0000	 28.1438	 435.9358	 54.8115
2010	10	24	0.0000	 0.3670	 0.0000	 0.2017	 0.0000	 28.1343	 435.5764	 54.6116
2010	10	25	0.5900	 0.3493	 0.0487	 0.2002	 0.0000	 28.6486	 435.2345	 54.4132
2010	10	26	0.0000	 0.4142	 0.0000	 0.1988	 0.0000	 28.6120	 434.8730	 54.2162
2010	10	27	5.8600	 0.3388	 0.5005	 0.1974	 0.0000	 33.9173	 434.5688	 54.0206
2010	10	28	0.0000	 0.4765	 0.0000	 0.1960	 0.0000	 33.7508	 434.2749	 53.8263
2010	10	29	0.0000	 0.4492	 0.0000	 0.1945	 0.0000	 33.5943	 433.9805	 53.6335
2010	10	30	0.0000	 0.4497	 0.0000	 0.1931	 0.0000	 33.4463	 433.6771	 53.4420
2010	10	31	0.0000	 0.4581	 0.0000	 0.1918	 0.0000	 33.3021	 433.3616	 53.2520
2010	11	01	0.0000	 0.4726	 0.0000	 0.1904	 0.0000	 33.1581	 433.0313	 53.0632
2010	11	02	0.0000	 0.4707	 0.0000	 0.1890	 0.0000	 33.0211	 432.6960	 52.8758
2010	11	03	0.0000	 0.4754	 0.0000	 0.1877	 0.0000	 32.8869	 432.3532	 52.6898
2010	11	04	0.0000	 0.4582	 0.0000	 0.1863	 0.0000	 32.7563	 432.0241	 52.5050
2010	11	05	0.0000	 0.4467	 0.0000	 0.1850	 0.0000	 32.6349	 431.6972	 52.3216
2010	11	06	0.0000	 0.4463	 0.0000	 0.1836	 0.0000	 32.5180	 431.3662	 52.1395
2010	11	07	0.0000	 0.4609	 0.0000	 0.1823	 0.0000	 32.3984	 431.0235	 51.9587
2010	11	08	0.0000	 0.4765	 0.0000	 0.1810	 0.0000	 32.2789	 430.6650	 51.7791
2010	11	09	0.0000	 0.4444	 0.0000	 0.1797	 0.0000	 32.1672	 430.3309	 51.6008
2010	11	10	0.0000	 0.4321	 0.0000	 0.1784	 0.0000	 32.0629	 430.0017	 51.4238
2010	11	11	0.0000	 0.4271	 0.0000	 0.1771	 0.0000	 31.9627	 429.6735	 51.2481
2010	11	12	0.0000	 0.4127	 0.0000	 0.1758	 0.0000	 31.8657	 429.3564	 51.0736
2010	11	13	0.0000	 0.4104	 0.0000	 0.1746	 0.0000	 31.7697	 429.0407	 50.9004
2010	11	14	0.0000	 0.4087	 0.0000	 0.1733	 0.0000	 31.6762	 428.7241	 50.7284
2010	11	15	0.0000	 0.4046	 0.0000	 0.1721	 0.0000	 31.5840	 428.4105	 50.5576
2010	11	16	0.0000	 0.4140	 0.0000	 0.1708	 0.0000	 31.4890	 428.0902	 50.3880
2010	11	17	0.0000	 0.2159	 0.0000	 0.1696	 0.0000	 31.3906	 427.9715	 50.2196
2010	11	18	0.0000	 0.2113	 0.0000	 0.1684	 0.0000	 31.2929	 427.8566	 50.0524
2010	11	19	0.0000	 0.2091	 0.0000	 0.1672	 0.0000	 31.1969	 427.7423	 49.8864
2010	11	20	11.7400	 0.1826	 0.9981	 0.1660	 0.0000	 40.7677	 428.7112	 49.7217
2010	11	21	21.2800	 12.3982	 0.7256	 0.1648	 0.0000	 41.2085	 436.4249	 49.5587
2010	11	22	0.0000	 0.5676	 0.0000	 0.1636	 0.0000	 38.7991	 438.2832	 49.3970
2010	11	23	0.0000	 0.5375	 0.0000	 0.1624	 0.0000	 38.0403	 438.5025	 49.2366
2010	11	24	0.0000	 0.5275	 0.0000	 0.1613	 0.0000	 37.5351	 438.4782	 49.0773
2010	11	25	0.0000	 0.5143	 0.0000	 0.1601	 0.0000	 37.1404	 438.3566	 48.9192
2010	11	26	0.0000	 0.5213	 0.0000	 0.1590	 0.0000	 36.8030	 438.1708	 48.7622
2010	11	27	0.0000	 0.5315	 0.0000	 0.1578	 0.0000	 36.5014	 437.9390	 48.6063
2010	11	28	0.0000	 0.5446	 0.0000	 0.1567	 0.0000	 36.2212	 437.6725	 48.4516
2010	11	29	0.0000	 0.5538	 0.0000	 0.1556	 0.0000	 35.9588	 437.3793	 48.2979
2010	11	30	0.0000	 0.5448	 0.0000	 0.1545	 0.0000	 35.7099	 437.0815	 48.1453
2010	12	01	11.8200	 0.5048	 1.0530	 0.1534	 0.0000	 41.7324	 441.2998	 47.9940
2010	12	02	0.0000	 0.7214	 0.0000	 0.1523	 0.0000	 38.8882	 443.4390	 47.8447
2010	12	03	0.0000	 0.7741	 0.0000	 0.1512	 0.0000	 38.0637	 443.4863	 47.6967
2010	12	04	0.0000	 0.7531	 0.0000	 0.1501	 0.0000	 37.5182	 443.2755	 47.5498
2010	12	05	0.0000	 0.7493	 0.0000	 0.1490	 0.0000	 37.0877	 442.9535	 47.4040
2010	12	06	14.0200	 0.6144	 1.2862	 0.1480	 0.0000	 41.9450	 450.1922	 47.2598
2010	12	07	14.0200	 4.9062	 0.8474	 0.1469	 0.0000	 41.4264	 458.9704	 47.1198
2010	12	08	0.0000	 1.0815	 0.0000	 0.1459	 0.0000	 38.8662	 460.4593	 46.9831
2010	12	09	7.0100	 0.7506	 0.6791	 0.1449	 0.0000	 41.0829	 463.7932	 46.8485
2010	12	10	21.0300	 9.3128	 1.1385	 0.1440	 0.0000	 41.7040	 473.7357	 46.7196
2010	12	11	9.2300	 9.3126	 0.0000	 0.1431	 0.0000	 39.0024	 476.3420	 46.5973
2010	12	12	0.0000	 1.1030	 0.0000	 0.1422	 0.0000	 38.1577	 476.0731	 46.4770
2010	12	13	0.0000	 1.0698	 0.0000	 0.1413	 0.0000	 37.6207	 475.5184	 46.3576
2010	12	14	0.0000	 1.1588	 0.0000	 0.1405	 0.0000	 37.1929	 474.7657	 46.2389
2010	12	15	0.0000	 1.2263	 0.0000	 0.1396	 0.0000	 36.8236	 473.8874	 46.1206
2010	12	16	0.0000	 1.1621	 0.0000	 0.1387	 0.0000	 36.5021	 473.0258	 46.0028
2010	12	17	0.0000	 1.1321	 0.0000	 0.1379	 0.0000	 36.2079	 472.1675	 45.8854
2010	12	18	0.0000	 1.0913	 0.0000	 0.1370	 0.0000	 35.9414	 471.3228	 45.7683
2010	12	19	0.0000	 1.3310	 0.0000	 0.1362	 0.0000	 35.6670	 470.2466	 45.6516
2010	12	20	9.5700	 0.8626	 0.9538	 0.1353	 0.0000	 41.3972	 472.2306	 45.5364
2010	12	21	0.0000	 1.0582	 0.0000	 0.1345	 0.0000	 38.8915	 473.6717	 45.4277
2010	12	22	9.3200	 0.7894	 0.9508	 0.1337	 0.0000	 41.4397	 478.6534	 45.3244
2010	12	23	9.3200	 4.7995	 0.4527	 0.1330	 0.0000	 40.5969	 483.5212	 45.2342
2010	12	24	27.9500	 5.8898	 2.3722	 0.1324	 0.0000	 42.4777	 501.2591	 45.1712
2010	12	25	9.3200	 6.3359	 0.3132	 0.1322	 0.0000	 40.1469	 506.1370	 45.1653
2010	12	26	8.3100	 5.4196	 0.3696	 0.1322	 0.0000	 39.9408	 508.7223	 45.1752
2010	12	27	0.0000	 1.6238	 0.0000	 0.1324	 0.0000	 38.5050	 508.3769	 45.2165
2010	12	28	0.0000	 1.6938	 0.0000	 0.1327	 0.0000	 37.8359	 507.1805	 45.2554
2010	12	29	0.0000	 1.5084	 0.0000	 0.1330	 0.0000	 37.3740	 505.9706	 45.2859
2010	12	30	0.0000	 1.4199	 0.0000	 0.1332	 0.0000	 37.0053	 504.7649	 45.3073
2010	12	31	0.0000	 1.3856	 0.0000	 0.1333	 0.0000	 36.6880	 503.5507	 45.3199
