2010	01	01	0.0000	 2.7533	 0.0000	 1.9303	 0.0000	 42.5505	 701.4256	 140.2851
2010	01	02	14.7700	 1.8958	 10.0681	 1.9303	 0.0000	 43.4081	 701.4256	 140.2851
2010	01	03	14.7700	 3.0312	 7.9127	 1.9303	 0.0000	 45.3039	 701.4256	 140.2851
2010	01	04	14.7700	 3.1631	 9.6766	 1.9303	 0.0000	 45.3039	 701.4256	 140.2851
2010	01	05	9.8500	 3.5414	 4.3783	 1.9303	 0.0000	 45.3039	 701.4256	 140.2851
2010	01	06	26.9900	 3.6295	 21.4302	 1.9303	 0.0000	 45.3039	 701.4256	 140.2851
2010	01	07	18.5100	 3.3617	 13.2180	 1.9303	 0.0000	 45.3039	 701.4256	 140.2851
2010	01	08	10.8000	 3.0488	 5.8209	 1.9303	 0.0000	 45.3039	 701.4256	 140.2851
2010	01	09	0.0000	 2.9906	 0.0000	 1.9303	 0.0000	 40.4954	 701.3314	 140.2851
2010	01	10	10.8000	 1.7944	 4.4110	 1.9303	 0.0000	 43.0473	 701.4256	 140.2851
2010	01	11	10.4100	 3.6059	 2.9072	 1.9303	 0.0000	 45.0138	 701.4256	 140.2851
2010	01	12	20.8100	 4.0833	 14.5063	 1.9303	 0.0000	 45.3039	 701.4256	 140.2851
2010	01	13	0.0000	 1.8985	 0.0000	 1.9303	 0.0000	 41.4933	 701.4256	 140.2851
2010	01	14	0.0000	 2.0896	 0.0000	 1.9303	 0.0000	 39.0586	 699.8404	 140.2851
2010	01	15	0.0000	 2.3289	 0.0000	 1.9303	 0.0000	 38.1459	 696.4939	 140.2851
2010	01	16	0.0000	 2.4201	 0.0000	 1.9303	 0.0000	 37.5731	 692.7162	 140.2851
2010	01	17	0.0000	 2.4167	 0.0000	 1.9303	 0.0000	 37.1299	 688.8124	 140.2851
2010	01	18	0.0000	 2.1679	 0.0000	 1.9303	 0.0000	 36.7768	 685.0673	 140.2851
2010	01	19	0.0000	 2.3880	 0.0000	 1.9303	 0.0000	 36.4418	 681.0840	 140.2851
2010	01	20	0.0000	 2.5133	 0.0000	 1.9303	 0.0000	 36.1217	 676.9605	 140.2851
2010	01	21	0.0000	 2.5149	 0.0000	 1.9303	 0.0000	 35.8247	 672.8123	 140.2851
2010	01	22	0.0000	 2.5229	 0.0000	 1.9303	 0.0000	 35.5483	 668.6355	 140.2851
2010	01	23	18.3000	 2.1420	 4.3806	 1.9303	 0.0000	 42.0531	 671.9596	 140.2851
2010	01	24	0.0000	 2.9466	 0.0000	 1.9303	 0.0000	 38.8822	 670.2718	 140.2851
2010	01	25	0.0000	 3.3487	 0.0000	 1.9303	 0.0000	 37.9892	 665.8858	 140.2851
2010	01	26	0.0000	 3.2239	 0.0000	 1.9303	 0.0000	 37.3918	 661.3290	 140.2851
2010	01	27	14.3900	 2.1478	 3.2802	 1.9303	 0.0000	 41.7771	 663.9571	 140.2851
2010	01	28	14.3900	 6.2040	 1.9098	 1.9303	 0.0000	 41.1039	 668.9762	 140.2851
2010	01	29	0.0000	 2.6717	 0.0000	 1.9303	 0.0000	 38.8010	 666.6953	 140.2851
2010	01	30	0.0000	 2.6302	 0.0000	 1.9303	 0.0000	 37.9979	 662.9379	 140.2851
2010	01	31	0.0000	 2.8119	 0.0000	 1.9303	 0.0000	 37.4350	 658.7586	 140.2851
2010	02	01	0.0000	 3.0619	 0.0000	 1.9303	 0.0000	 36.9591	 654.2423	 140.2851
2010	02	02	0.0000	 3.0047	 0.0000	 1.9303	 0.0000	 36.5495	 649.7170	 140.2851
2010	02	03	10.4200	 2.0220	 2.1713	 1.9303	 0.0000	 41.3723	 649.1696	 140.2851
2010	02	04	20.8400	 3.3608	 3.8177	 1.9303	 0.0000	 42.0401	 660.2330	 140.2851
2010	02	05	0.0000	 2.6287	 0.0000	 1.9303	 0.0000	 38.8982	 658.8369	 140.2851
2010	02	06	0.0000	 2.1399	 0.0000	 1.9303	 0.0000	 38.0917	 655.5731	 140.2851
2010	02	07	12.9300	 1.1661	 2.8555	 1.9303	 0.0000	 41.6650	 658.9570	 140.2851
2010	02	08	0.0000	 1.7762	 0.0000	 1.9303	 0.0000	 38.9165	 658.0199	 140.2851
2010	02	09	0.0000	 2.2865	 0.0000	 1.9303	 0.0000	 38.0912	 654.6285	 140.2851
2010	02	10	0.0000	 2.4048	 0.0000	 1.9303	 0.0000	 37.5393	 650.8452	 140.2851
2010	02	11	0.0000	 2.4960	 0.0000	 1.9303	 0.0000	 37.0976	 646.8606	 140.2851
2010	02	12	0.0000	 2.4446	 0.0000	 1.9303	 0.0000	 36.7246	 642.8587	 140.2851
2010	02	13	0.0000	 2.3425	 0.0000	 1.9303	 0.0000	 36.3996	 638.9109	 140.2851
2010	02	14	0.0000	 2.5906	 0.0000	 1.9303	 0.0000	 36.0756	 634.7140	 140.2851
2010	02	15	0.0000	 3.0278	 0.0000	 1.9303	 0.0000	 35.7341	 630.0973	 140.2851
2010	02	16	0.0000	 2.7801	 0.0000	 1.9303	 0.0000	 35.4402	 625.6809	 140.2851
2010	02	17	3.6600	 2.1827	 0.6572	 1.9303	 0.0000	 38.0764	 621.9136	 140.2851
2010	02	18	14.6600	 4.6886	 1.7980	 1.9303	 0.0000	 41.4149	 624.8181	 140.2851
2010	02	19	7.3300	 4.3701	 0.5336	 1.9303	 0.0000	 40.1003	 626.6287	 140.2851
2010	02	20	0.0000	 2.2375	 0.0000	 1.9303	 0.0000	 38.6037	 623.9784	 140.2851
2010	02	21	0.0000	 2.1396	 0.0000	 1.9303	 0.0000	 37.9149	 620.5973	 140.2851
2010	02	22	11.3500	 1.4566	 2.0521	 1.9303	 0.0000	 41.5638	 622.8384	 140.2851
2010	02	23	11.3500	 5.6186	 1.0386	 1.9303	 0.0000	 40.7748	 626.3900	 140.2851
2010	02	24	0.0000	 2.4579	 0.0000	 1.9303	 0.0000	 38.7576	 624.0399	 140.2851
2010	02	25	0.0000	 2.5644	 0.0000	 1.9303	 0.0000	 37.9766	 620.3261	 140.2851
2010	02	26	0.0000	 2.5025	 0.0000	 1.9303	 0.0000	 37.4453	 616.4246	 140.2851
2010	02	27	2.2800	 2.0389	 0.3932	 1.9303	 0.0000	 38.6852	 613.0814	 140.2851
2010	02	28	0.0000	 2.8294	 0.0000	 1.9303	 0.0000	 37.9112	 609.1167	 140.2851
2010	03	01	10.9700	 2.1423	 1.8791	 1.9303	 0.0000	 41.5295	 610.4959	 140.2851
2010	03	02	21.9300	 3.9802	 3.1922	 1.9303	 0.0000	 42.1320	 622.7206	 140.2851
2010	03	03	5.4800	 4.9000	 0.1054	 1.9303	 0.0000	 39.2981	 624.1009	 140.2851
2010	03	04	5.4800	 4.9209	 0.1686	 1.9303	 0.0000	 38.7297	 623.1463	 140.2851
2010	03	05	10.9700	 3.1169	 1.7195	 1.9303	 0.0000	 41.2613	 624.7992	 140.2851
2010	03	06	7.8100	 6.5921	 0.2177	 1.9303	 0.0000	 39.4594	 625.6730	 140.2851
2010	03	07	3.9100	 4.1174	 0.1181	 1.9303	 0.0000	 38.7146	 624.1788	 140.2851
2010	03	08	3.9100	 2.2827	 0.5927	 1.9303	 0.0000	 39.8784	 622.1024	 140.2851
2010	03	09	0.0000	 2.4312	 0.0000	 1.9303	 0.0000	 38.5048	 619.1333	 140.2851
2010	03	10	0.0000	 2.9790	 0.0000	 1.9303	 0.0000	 37.7817	 614.9472	 140.2851
2010	03	11	0.0000	 3.0773	 0.0000	 1.9303	 0.0000	 37.2441	 610.4772	 140.2851
2010	03	12	0.0000	 2.8235	 0.0000	 1.9303	 0.0000	 36.8187	 606.1488	 140.2851
2010	03	13	0.0000	 2.9614	 0.0000	 1.9303	 0.0000	 36.4281	 601.6477	 140.2851
2010	03	14	0.0000	 2.7759	 0.0000	 1.9279	 0.0000	 36.0851	 597.3259	 140.2460
2010	03	15	0.0000	 2.6584	 0.0000	 1.8560	 0.0000	 35.7777	 593.4074	 139.9574
2010	03	16	0.0000	 2.6448	 0.0000	 1.6980	 0.0000	 35.4934	 589.7640	 139.5424
2010	03	17	0.0000	 2.9194	 0.0000	 1.5216	 0.0000	 35.2020	 586.0714	 139.0854
2010	03	18	0.0000	 2.7406	 0.0000	 1.3559	 0.0000	 34.9423	 582.6933	 138.6266
2010	03	19	0.0000	 2.3291	 0.0000	 1.2135	 0.0000	 34.7296	 579.7992	 138.1908
2010	03	20	0.0000	 2.1165	 0.0000	 1.0971	 0.0000	 34.5427	 577.1785	 137.7849
2010	03	21	0.0000	 2.1938	 0.0000	 1.0035	 0.0000	 34.3565	 574.5491	 137.4031
2010	03	22	0.0000	 2.3156	 0.0000	 0.9282	 0.0000	 34.1677	 571.8604	 137.0369
2010	03	23	0.0000	 2.1155	 0.0000	 0.8679	 0.0000	 34.0004	 569.3993	 136.6819
2010	03	24	12.5800	 1.6412	 1.7957	 0.8212	 0.0000	 41.6913	 570.3467	 136.3446
2010	03	25	18.8600	 5.3733	 1.9828	 0.7920	 0.0000	 41.8307	 581.0876	 136.1761
2010	03	26	0.0000	 2.1337	 0.0000	 0.7871	 0.0000	 38.9103	 581.0919	 136.1924
2010	03	27	16.4500	 1.4163	 2.5307	 0.7899	 0.0000	 42.0555	 589.5214	 136.3098
2010	03	28	16.4500	 4.8756	 1.8427	 0.8294	 0.0000	 41.6325	 598.1919	 136.9647
2010	03	29	0.0000	 1.7934	 0.0000	 0.9667	 0.0000	 38.9125	 597.2913	 137.8461
2010	03	30	0.0000	 1.8461	 0.0000	 1.1303	 0.0000	 38.1228	 594.5995	 138.3510
2010	03	31	0.0000	 1.9673	 0.0000	 1.2264	 0.0000	 37.6001	 591.7462	 138.5333
2010	04	01	0.0000	 1.8828	 0.0000	 1.2483	 0.0000	 37.2029	 589.0405	 138.5052
2010	04	02	0.0000	 1.9211	 0.0000	 1.2202	 0.0000	 36.8654	 586.3891	 138.3529
2010	04	03	0.0000	 1.9870	 0.0000	 1.1653	 0.0000	 36.5612	 583.7654	 138.1285
2010	04	04	0.0000	 1.9977	 0.0000	 1.0994	 0.0000	 36.2827	 581.2108	 137.8644
2010	04	05	0.0000	 1.9811	 0.0000	 1.0323	 0.0000	 36.0248	 578.7395	 137.5802
2010	04	06	0.0000	 2.0209	 0.0000	 0.9693	 0.0000	 35.7821	 576.2864	 137.2859
2010	04	07	0.0000	 2.0906	 0.0000	 0.9128	 0.0000	 35.5484	 573.8172	 136.9853
2010	04	08	0.0000	 2.0654	 0.0000	 0.8638	 0.0000	 35.3302	 571.4111	 136.6804
2010	04	09	0.0000	 1.9261	 0.0000	 0.8231	 0.0000	 35.1350	 569.1650	 136.3725
2010	04	10	0.0000	 2.0582	 0.0000	 0.7908	 0.0000	 34.9371	 566.8267	 136.0597
2010	04	11	0.0000	 2.0684	 0.0000	 0.7672	 0.0000	 34.7465	 564.5038	 135.7376
2010	04	12	0.0000	 1.9630	 0.0000	 0.7527	 0.0000	 34.5718	 562.2979	 135.4024
2010	04	13	0.0000	 1.8806	 0.0000	 0.7471	 0.0000	 34.4098	 560.1873	 135.0473
2010	04	14	33.2200	 1.5502	 4.7439	 0.7446	 0.0000	 42.9325	 578.1057	 134.7684
2010	04	15	0.0000	 1.9141	 0.0000	 0.7450	 0.0000	 38.9618	 579.4320	 134.7727
2010	04	16	0.0000	 1.8935	 0.0000	 0.7449	 0.0000	 38.1469	 577.6390	 134.7422
2010	04	17	0.0000	 1.9319	 0.0000	 0.7446	 0.0000	 37.6209	 575.5732	 134.6574
2010	04	18	0.0000	 2.0575	 0.0000	 0.7440	 0.0000	 37.2044	 573.3258	 134.5197
2010	04	19	0.0000	 2.2654	 0.0000	 0.7432	 0.0000	 36.8351	 570.8744	 134.3320
2010	04	20	0.0000	 2.2086	 0.0000	 0.7420	 0.0000	 36.5130	 568.4776	 134.1001
2010	04	21	0.0000	 1.9736	 0.0000	 0.7407	 0.0000	 36.2405	 566.3030	 133.8329
2010	04	22	0.0000	 1.9719	 0.0000	 0.7387	 0.0000	 35.9864	 564.1446	 133.5348
2010	04	23	0.0000	 1.9979	 0.0000	 0.7354	 0.0000	 35.7483	 561.9743	 133.2099
2010	04	24	0.0000	 2.0494	 0.0000	 0.7314	 0.0000	 35.5204	 559.7686	 132.8627
2010	04	25	0.0000	 1.9405	 0.0000	 0.7272	 0.0000	 35.3148	 557.6719	 132.4973
2010	04	26	0.0000	 1.7564	 0.0000	 0.7231	 0.0000	 35.1351	 555.7516	 132.1178
2010	04	27	0.0000	 1.6994	 0.0000	 0.7192	 0.0000	 34.9677	 553.8910	 131.7273
2010	04	28	0.0000	 1.6062	 0.0000	 0.7154	 0.0000	 34.8143	 552.1223	 131.3278
2010	04	29	0.0000	 1.6847	 0.0000	 0.7119	 0.0000	 34.6599	 550.2873	 130.9205
2010	04	30	0.0000	 1.6973	 0.0000	 0.7084	 0.0000	 34.5096	 548.4460	 130.5064
2010	05	01	0.0000	 1.4959	 0.0000	 0.7051	 0.0000	 34.3800	 546.7941	 130.0870
2010	05	02	12.4800	 1.4340	 1.6277	 0.7020	 0.0000	 41.7218	 548.5711	 129.6663
2010	05	03	0.0000	 1.7924	 0.0000	 0.6993	 0.0000	 38.9206	 549.3018	 129.2633
2010	05	04	0.0000	 1.7476	 0.0000	 0.6970	 0.0000	 38.1355	 548.0464	 128.8592
2010	05	05	0.0000	 1.7449	 0.0000	 0.6945	 0.0000	 37.6289	 546.5220	 128.4507
2010	05	06	5.1700	 1.3119	 0.6720	 0.6920	 0.0000	 40.4348	 546.6025	 128.0403
2010	05	07	0.0000	 1.7033	 0.0000	 0.6896	 0.0000	 38.7330	 546.3352	 127.6346
2010	05	08	0.0000	 1.7446	 0.0000	 0.6873	 0.0000	 38.0266	 545.0169	 127.2274
2010	05	09	0.0000	 1.9113	 0.0000	 0.6848	 0.0000	 37.5346	 543.3238	 126.8165
2010	05	10	0.0000	 2.0370	 0.0000	 0.6817	 0.0000	 37.1254	 541.4362	 126.3945
2010	05	11	0.0000	 1.9290	 0.0000	 0.6711	 0.0000	 36.7958	 539.6123	 125.9479
2010	05	12	0.0000	 1.6899	 0.0000	 0.6544	 0.0000	 36.5236	 537.9967	 125.4915
2010	05	13	0.0000	 1.6978	 0.0000	 0.6361	 0.0000	 36.2725	 536.3770	 125.0284
2010	05	14	0.0000	 1.6675	 0.0000	 0.6179	 0.0000	 36.0399	 534.7893	 124.5635
2010	05	15	0.0000	 1.7341	 0.0000	 0.6007	 0.0000	 35.8147	 533.1466	 124.0964
2010	05	16	0.0000	 1.7312	 0.0000	 0.5849	 0.0000	 35.6012	 531.5109	 123.6297
2010	05	17	0.0000	 1.6293	 0.0000	 0.5708	 0.0000	 35.4065	 529.9704	 123.1648
2010	05	18	0.0000	 1.5188	 0.0000	 0.5586	 0.0000	 35.2295	 528.5325	 122.7022
2010	05	19	0.0000	 1.5500	 0.0000	 0.5476	 0.0000	 35.0549	 527.0733	 122.2384
2010	05	20	0.0000	 1.5471	 0.0000	 0.5374	 0.0000	 34.8855	 525.6219	 121.7747
2010	05	21	0.0000	 1.5247	 0.0000	 0.5284	 0.0000	 34.7222	 524.1928	 121.3140
2010	05	22	0.0000	 1.5003	 0.0000	 0.5205	 0.0000	 34.5646	 522.7893	 120.8543
2010	05	23	0.0000	 1.3988	 0.0000	 0.5136	 0.0000	 34.4197	 521.4803	 120.3959
2010	05	24	0.0000	 1.4775	 0.0000	 0.5074	 0.0000	 34.2700	 520.1053	 119.9356
2010	05	25	4.4500	 1.1847	 0.5172	 0.5021	 0.0000	 37.9676	 519.0923	 119.4788
2010	05	26	0.0000	 1.4416	 0.0000	 0.4977	 0.0000	 37.4939	 518.1014	 119.0224
2010	05	27	0.0000	 1.4206	 0.0000	 0.4942	 0.0000	 37.1297	 517.0058	 118.5674
2010	05	28	4.0800	 1.2221	 0.4734	 0.4915	 0.0000	 39.7775	 516.6853	 118.1148
2010	05	29	0.0000	 1.4815	 0.0000	 0.4891	 0.0000	 38.5325	 516.4287	 117.6641
2010	05	30	0.0000	 1.4596	 0.0000	 0.4867	 0.0000	 37.9037	 515.5588	 117.2164
2010	05	31	0.0000	 1.5659	 0.0000	 0.4843	 0.0000	 37.4487	 514.4146	 116.7655
2010	06	01	0.0000	 1.5271	 0.0000	 0.4818	 0.0000	 37.0865	 513.2194	 116.3140
2010	06	02	0.0000	 1.4370	 0.0000	 0.4794	 0.0000	 36.7845	 512.0552	 115.8637
2010	06	03	0.0000	 1.2825	 0.0000	 0.4770	 0.0000	 36.5310	 510.9971	 115.4158
2010	06	04	0.0000	 1.1858	 0.0000	 0.4746	 0.0000	 36.3086	 510.0057	 114.9692
2010	06	05	0.0000	 1.3560	 0.0000	 0.4722	 0.0000	 36.0805	 508.8583	 114.5165
2010	06	06	0.0000	 1.3407	 0.0000	 0.4697	 0.0000	 35.8675	 507.7143	 114.0630
2010	06	07	0.0000	 1.2954	 0.0000	 0.4673	 0.0000	 35.6706	 506.6009	 113.6106
2010	06	08	0.0000	 1.2884	 0.0000	 0.4649	 0.0000	 35.4830	 505.4871	 113.1588
2010	06	09	0.0000	 1.2718	 0.0000	 0.4624	 0.0000	 35.3046	 504.3827	 112.7073
2010	06	10	0.0000	 1.2545	 0.0000	 0.4600	 0.0000	 35.1341	 503.2905	 112.2555
2010	06	11	0.0000	 1.3538	 0.0000	 0.4576	 0.0000	 34.9577	 502.1109	 111.8002
2010	06	12	0.0000	 1.3968	 0.0000	 0.4551	 0.0000	 34.7814	 500.8910	 111.3445
2010	06	13	0.0000	 1.2836	 0.0000	 0.4527	 0.0000	 34.6211	 499.7678	 110.8917
2010	06	14	0.0000	 1.2109	 0.0000	 0.4502	 0.0000	 34.4717	 498.7071	 110.4406
2010	06	15	0.0000	 1.1759	 0.0000	 0.4478	 0.0000	 34.3287	 497.6764	 109.9906
2010	06	16	0.0000	 1.1603	 0.0000	 0.4454	 0.0000	 34.1898	 496.6589	 109.5412
2010	06	17	0.0000	 1.1586	 0.0000	 0.4430	 0.0000	 34.0530	 495.6425	 109.0929
2010	06	18	0.0000	 0.9993	 0.0000	 0.4406	 0.0000	 33.9353	 494.7623	 108.6509
2010	06	19	0.0000	 1.0214	 0.0000	 0.4382	 0.0000	 33.8166	 493.8619	 108.2104
2010	06	20	0.0000	 1.1757	 0.0000	 0.4358	 0.0000	 33.6833	 492.8282	 107.7659
2010	06	21	0.0000	 1.2064	 0.0000	 0.4334	 0.0000	 33.5483	 491.7676	 107.3217
2010	06	22	0.0000	 1.1149	 0.0000	 0.4311	 0.0000	 33.4243	 490.7885	 106.8788
2010	06	23	0.0000	 1.0450	 0.0000	 0.4287	 0.0000	 33.3088	 489.8702	 106.4389
2010	06	24	0.0000	 1.0764	 0.0000	 0.4263	 0.0000	 33.1914	 488.9255	 105.9983
2010	06	25	0.0000	 1.1118	 0.0000	 0.4239	 0.0000	 33.0714	 487.9508	 105.5572
2010	06	26	0.0000	 1.1320	 0.0000	 0.4216	 0.0000	 32.9507	 486.9594	 105.1159
2010	06	27	0.0000	 1.1267	 0.0000	 0.4192	 0.0000	 32.8316	 485.9733	 104.6752
2010	06	28	0.0000	 1.1046	 0.0000	 0.4168	 0.0000	 32.7160	 485.0063	 104.2364
2010	06	29	0.0000	 1.0845	 0.0000	 0.4145	 0.0000	 32.6035	 484.0572	 103.7991
2010	06	30	0.0000	 1.0538	 0.0000	 0.4121	 0.0000	 32.4951	 483.1353	 103.3634
2010	07	01	0.0000	 0.9882	 0.0000	 0.4098	 0.0000	 32.3942	 482.2692	 102.9324
2010	07	02	0.0000	 0.9847	 0.0000	 0.4075	 0.0000	 32.2944	 481.4059	 102.5034
2010	07	03	0.0000	 0.9615	 0.0000	 0.4052	 0.0000	 32.1977	 480.5624	 102.0769
2010	07	04	0.0000	 0.9531	 0.0000	 0.4029	 0.0000	 32.1027	 479.7259	 101.6525
2010	07	05	0.0000	 0.9238	 0.0000	 0.4006	 0.0000	 32.0113	 478.9147	 101.2306
2010	07	06	0.0000	 0.9438	 0.0000	 0.3983	 0.0000	 31.9187	 478.0870	 100.8087
2010	07	07	0.0000	 0.9228	 0.0000	 0.3961	 0.0000	 31.8291	 477.2784	 100.3882
2010	07	08	0.0000	 0.9317	 0.0000	 0.3938	 0.0000	 31.7394	 476.4624	 99.9683
2010	07	09	0.0000	 0.9576	 0.0000	 0.3915	 0.0000	 31.6480	 475.6242	 99.5488
2010	07	10	0.0000	 0.9687	 0.0000	 0.3893	 0.0000	 31.5563	 474.7763	 99.1304
2010	07	11	0.0000	 0.9706	 0.0000	 0.3870	 0.0000	 31.4652	 473.9267	 98.7135
2010	07	12	0.0000	 0.9368	 0.0000	 0.3848	 0.0000	 31.3782	 473.1070	 98.2986
2010	07	13	0.0000	 0.8975	 0.0000	 0.3826	 0.0000	 31.2956	 472.3222	 97.8859
2010	07	14	0.0000	 0.9132	 0.0000	 0.3804	 0.0000	 31.2125	 471.5250	 97.4727
2010	07	15	0.0000	 0.9175	 0.0000	 0.3781	 0.0000	 31.1294	 470.7222	 97.0630
2010	07	16	0.0000	 0.9072	 0.0000	 0.3759	 0.0000	 31.0479	 469.9276	 96.6559
2010	07	17	0.0000	 0.8724	 0.0000	 0.3738	 0.0000	 30.9704	 469.1634	 96.2516
2010	07	18	0.0000	 0.8232	 0.0000	 0.3716	 0.0000	 30.8977	 468.4407	 95.8521
2010	07	19	0.0000	 0.8035	 0.0000	 0.3695	 0.0000	 30.8269	 467.7317	 95.4589
2010	07	20	0.0000	 0.8174	 0.0000	 0.3674	 0.0000	 30.7555	 467.0105	 95.0667
2010	07	21	0.0000	 0.8404	 0.0000	 0.3652	 0.0000	 30.6828	 466.2703	 94.6739
2010	07	22	0.0000	 0.8620	 0.0000	 0.3631	 0.0000	 30.6088	 465.5099	 94.2832
2010	07	23	0.0000	 0.8423	 0.0000	 0.3610	 0.0000	 30.5371	 464.7659	 93.8956
2010	07	24	0.0000	 0.8185	 0.0000	 0.3590	 0.0000	 30.4681	 464.0419	 93.5111
2010	07	25	0.0000	 0.8044	 0.0000	 0.3569	 0.0000	 30.4008	 463.3295	 93.1295
2010	07	26	0.0000	 0.7565	 0.0000	 0.3549	 0.0000	 30.3381	 462.6584	 92.7520
2010	07	27	0.0000	 0.7436	 0.0000	 0.3528	 0.0000	 30.2768	 461.9976	 92.3776
2010	07	28	0.0000	 0.7886	 0.0000	 0.3508	 0.0000	 30.2121	 461.2948	 92.0057
2010	07	29	0.0000	 0.7814	 0.0000	 0.3488	 0.0000	 30.1486	 460.5979	 91.6359
2010	07	30	0.0000	 0.7447	 0.0000	 0.3468	 0.0000	 30.0888	 459.9343	 91.2677
2010	07	31	0.0000	 0.7353	 0.0000	 0.3449	 0.0000	 30.0303	 459.2780	 90.9023
2010	08	01	0.0000	 0.6947	 0.0000	 0.3429	 0.0000	 29.9752	 458.6539	 90.5439
2010	08	02	0.0000	 0.6987	 0.0000	 0.3410	 0.0000	 29.9202	 458.0252	 90.1878
2010	08	03	0.0000	 0.6902	 0.0000	 0.3391	 0.0000	 29.8663	 457.4034	 89.8343
2010	08	04	0.0000	 0.6923	 0.0000	 0.3372	 0.0000	 29.8128	 456.7791	 89.4827
2010	08	05	0.0000	 0.6799	 0.0000	 0.3353	 0.0000	 29.7606	 456.1655	 89.1332
2010	08	06	0.0000	 0.6548	 0.0000	 0.3334	 0.0000	 29.7108	 455.5733	 88.7871
2010	08	07	0.0000	 0.6695	 0.0000	 0.3316	 0.0000	 29.6601	 454.9668	 88.4432
2010	08	08	0.0000	 0.6735	 0.0000	 0.3297	 0.0000	 29.6096	 454.3559	 88.1014
2010	08	09	0.0000	 0.6640	 0.0000	 0.3279	 0.0000	 29.5602	 453.7529	 87.7618
2010	08	10	0.0000	 0.6396	 0.0000	 0.3261	 0.0000	 29.5132	 453.1716	 87.4245
2010	08	11	0.0000	 0.6173	 0.0000	 0.3243	 0.0000	 29.4682	 452.6095	 87.0900
2010	08	12	0.0000	 0.6256	 0.0000	 0.3225	 0.0000	 29.4230	 452.0391	 86.7575
2010	08	13	0.0000	 0.6442	 0.0000	 0.3207	 0.0000	 29.3767	 451.4513	 86.4266
2010	08	14	0.0000	 0.6509	 0.0000	 0.3189	 0.0000	 29.3304	 450.8566	 86.0978
2010	08	15	0.0000	 0.6277	 0.0000	 0.3172	 0.0000	 29.2862	 450.2826	 85.7711
2010	08	16	0.0000	 0.6125	 0.0000	 0.3154	 0.0000	 29.2435	 449.7212	 85.4473
2010	08	17	0.0000	 0.5691	 0.0000	 0.3137	 0.0000	 29.2041	 449.1985	 85.1267
2010	08	18	0.0000	 0.5894	 0.0000	 0.3119	 0.0000	 29.1636	 448.6572	 84.8072
2010	08	19	0.0000	 0.6137	 0.0000	 0.3102	 0.0000	 29.1218	 448.0937	 84.4885
2010	08	20	0.0000	 0.5883	 0.0000	 0.3085	 0.0000	 29.0823	 447.5543	 84.1706
2010	08	21	0.0000	 0.5710	 0.0000	 0.3068	 0.0000	 29.0444	 447.0305	 83.8544
2010	08	22	0.0000	 0.5860	 0.0000	 0.3051	 0.0000	 29.0059	 446.4931	 83.5393
2010	08	23	0.0000	 0.5836	 0.0000	 0.3034	 0.0000	 28.9679	 445.9579	 83.2254
2010	08	24	0.0000	 0.5823	 0.0000	 0.3017	 0.0000	 28.9304	 445.4238	 82.9129
2010	08	25	0.0000	 0.5632	 0.0000	 0.3001	 0.0000	 28.8945	 444.9069	 82.6025
2010	08	26	0.0000	 0.5121	 0.0000	 0.2984	 0.0000	 28.8622	 444.4362	 82.2949
2010	08	27	0.0000	 0.5307	 0.0000	 0.2967	 0.0000	 28.8292	 443.9492	 81.9876
2010	08	28	0.0000	 0.5239	 0.0000	 0.2951	 0.0000	 28.7969	 443.4685	 81.6816
2010	08	29	0.0000	 0.4848	 0.0000	 0.2935	 0.0000	 28.7673	 443.0228	 81.3786
2010	08	30	0.0000	 0.4860	 0.0000	 0.2918	 0.0000	 28.7379	 442.5755	 81.0775
2010	08	31	0.0000	 0.4750	 0.0000	 0.2902	 0.0000	 28.7094	 442.1383	 80.7780
2010	09	01	0.0000	 0.5043	 0.0000	 0.2886	 0.0000	 28.6794	 441.6741	 80.4793
2010	09	02	0.0000	 0.4996	 0.0000	 0.2870	 0.0000	 28.6487	 441.2162	 80.1814
2010	09	03	0.0000	 0.4919	 0.0000	 0.2854	 0.0000	 28.6179	 440.7660	 79.8851
2010	09	04	0.0000	 0.5014	 0.0000	 0.2838	 0.0000	 28.5857	 440.3084	 79.5897
2010	09	05	0.0000	 0.4933	 0.0000	 0.2822	 0.0000	 28.5534	 439.8593	 79.2955
2010	09	06	0.0000	 0.4699	 0.0000	 0.2807	 0.0000	 28.5198	 439.4219	 79.0160
2010	09	07	0.0000	 0.4756	 0.0000	 0.2792	 0.0000	 28.4865	 438.9760	 78.7404
2010	09	08	0.0000	 0.4751	 0.0000	 0.2777	 0.0000	 28.4527	 438.5312	 78.4662
2010	09	09	0.0000	 0.4689	 0.0000	 0.2762	 0.0000	 28.4181	 438.0935	 78.1934
2010	09	10	0.0000	 0.4499	 0.0000	 0.2748	 0.0000	 28.3838	 437.6746	 77.9220
2010	09	11	0.0000	 0.4373	 0.0000	 0.2733	 0.0000	 28.3516	 437.2663	 77.6519
2010	09	12	0.0000	 0.4160	 0.0000	 0.2719	 0.0000	 28.3221	 436.8767	 77.3833
2010	09	13	0.0000	 0.4158	 0.0000	 0.2704	 0.0000	 28.2917	 436.4881	 77.1160
2010	09	14	0.0000	 0.4228	 0.0000	 0.2690	 0.0000	 28.2601	 436.0939	 76.8500
2010	09	15	0.0000	 0.4283	 0.0000	 0.2676	 0.0000	 28.2274	 435.6953	 76.5855
2010	09	16	0.0000	 0.4201	 0.0000	 0.2661	 0.0000	 28.1948	 435.3049	 76.3222
2010	09	17	0.0000	 0.4097	 0.0000	 0.2647	 0.0000	 28.1630	 434.9242	 76.0604
2010	09	18	0.0000	 0.4014	 0.0000	 0.2633	 0.0000	 28.1323	 434.5507	 75.7998
2010	09	19	0.0000	 0.3923	 0.0000	 0.2619	 0.0000	 28.1012	 434.1868	 75.5406
2010	09	20	0.0000	 0.3894	 0.0000	 0.2605	 0.0000	 28.0693	 433.8266	 75.2828
2010	09	21	0.0000	 0.3772	 0.0000	 0.2591	 0.0000	 28.0377	 433.4785	 75.0263
2010	09	22	0.0000	 0.3643	 0.0000	 0.2578	 0.0000	 28.0070	 433.1423	 74.7710
2010	09	23	0.0000	 0.3560	 0.0000	 0.2564	 0.0000	 27.9771	 432.8137	 74.5172
2010	09	24	0.0000	 0.3638	 0.0000	 0.2550	 0.0000	 27.9459	 432.4787	 74.2646
2010	09	25	0.0000	 0.3667	 0.0000	 0.2537	 0.0000	 27.9124	 432.1431	 74.0133
2010	09	26	0.0000	 0.3602	 0.0000	 0.2523	 0.0000	 27.8782	 431.8147	 73.7633
2010	09	27	0.0000	 0.3509	 0.0000	 0.2510	 0.0000	 27.8443	 431.4954	 73.5146
2010	09	28	0.0000	 0.3239	 0.0000	 0.2496	 0.0000	 27.8148	 431.1987	 73.2672
2010	09	29	0.0000	 0.3186	 0.0000	 0.2483	 0.0000	 27.7866	 430.9062	 73.0211
2010	09	30	0.0000	 0.3321	 0.0000	 0.2470	 0.0000	 27.7560	 430.6025	 72.7762
2010	10	01	0.0000	 0.3407	 0.0000	 0.2457	 0.0000	 27.7238	 430.2919	 72.5326
2010	10	02	0.0000	 0.3383	 0.0000	 0.2444	 0.0000	 27.7024	 429.9729	 72.2903
2010	10	03	0.0000	 0.3219	 0.0000	 0.2431	 0.0000	 27.6994	 429.6520	 72.0493
2010	10	04	0.0000	 0.3152	 0.0000	 0.2418	 0.0000	 27.6964	 429.3378	 71.8094
2010	10	05	0.0000	 0.3190	 0.0000	 0.2405	 0.0000	 27.6935	 429.0199	 71.5709
2010	10	06	0.0000	 0.3190	 0.0000	 0.2392	 0.0000	 27.6905	 428.7019	 71.3335
2010	10	07	0.0000	 0.3237	 0.0000	 0.2379	 0.0000	 27.6876	 428.3794	 71.0974
2010	10	08	0.0000	 0.3426	 0.0000	 0.2367	 0.0000	 27.6846	 428.0380	 70.8626
2010	10	09	0.0000	 0.3888	 0.0000	 0.2354	 0.0000	 27.6815	 427.6505	 70.6289
2010	10	10	0.0000	 0.4026	 0.0000	 0.2342	 0.0000	 27.6785	 427.2492	 70.3965
2010	10	11	0.0000	 0.3653	 0.0000	 0.2329	 0.0000	 27.6755	 426.8852	 70.1652
2010	10	12	0.0000	 0.3472	 0.0000	 0.2317	 0.0000	 27.6726	 426.5393	 69.9352
2010	10	13	0.0000	 0.3481	 0.0000	 0.2304	 0.0000	 27.6697	 426.1924	 69.7064
2010	10	14	0.0000	 0.3481	 0.0000	 0.2292	 0.0000	 27.6668	 425.8457	 69.4788
2010	10	15	0.0000	 0.3424	 0.0000	 0.2280	 0.0000	 27.6639	 425.5047	 69.2523
2010	10	16	0.0000	 0.3354	 0.0000	 0.2268	 0.0000	 27.6610	 425.1706	 69.0271
2010	10	17	0.0000	 0.3236	 0.0000	 0.2256	 0.0000	 27.6582	 424.8483	 68.8030
2010	10	18	0.0000	 0.3116	 0.0000	 0.2244	 0.0000	 27.6554	 424.5380	 68.5801
2010	10	19	0.0000	 0.3029	 0.0000	 0.2232	 0.0000	 27.6527	 424.2365	 68.3583
2010	10	20	0.0000	 0.3110	 0.0000	 0.2220	 0.0000	 27.6499	 423.9269	 68.1378
2010	10	21	0.0000	 0.3341	 0.0000	 0.2208	 0.0000	 27.6471	 423.5942	 67.9183
2010	10	22	0.0000	 0.3796	 0.0000	 0.2196	 0.0000	 27.6441	 423.2162	 67.7000
2010	10	23	0.0000	 0.3565	 0.0000	 0.2184	 0.0000	 27.6413	 422.8612	 67.4829
2010	10	24	0.0000	 0.3538	 0.0000	 0.2173	 0.0000	 27.6385	 422.5090	 67.2669
2010	10	25	0.5800	 0.3419	 0.0454	 0.2161	 0.0000	 28.1517	 422.1685	 67.0520
2010	10	26	0.0000	 0.4126	 0.0000	 0.2150	 0.0000	 28.1132	 421.8118	 66.8383
2010	10	27	5.9600	 0.3321	 0.4843	 0.2138	 0.0000	 33.5344	 421.5143	 66.6257
2010	10	28	0.0000	 0.4851	 0.0000	 0.2127	 0.0000	 33.3549	 421.2262	 66.4142
2010	10	29	0.0000	 0.4563	 0.0000	 0.2115	 0.0000	 33.1854	 420.9383	 66.2038
2010	10	30	0.0000	 0.4592	 0.0000	 0.2104	 0.0000	 33.0247	 420.6386	 65.9946
2010	10	31	0.0000	 0.4700	 0.0000	 0.2093	 0.0000	 32.8671	 420.3251	 65.7865
2010	11	01	0.0000	 0.4819	 0.0000	 0.2082	 0.0000	 32.7098	 419.9994	 65.5794
2010	11	02	0.0000	 0.4823	 0.0000	 0.2071	 0.0000	 32.5599	 419.6660	 65.3735
2010	11	03	0.0000	 0.4884	 0.0000	 0.2060	 0.0000	 32.4128	 419.3236	 65.1686
2010	11	04	0.0000	 0.4654	 0.0000	 0.2049	 0.0000	 32.2695	 419.0004	 64.9648
2010	11	05	0.0000	 0.4562	 0.0000	 0.2038	 0.0000	 32.1367	 418.6760	 64.7621
2010	11	06	0.0000	 0.4579	 0.0000	 0.2027	 0.0000	 32.0089	 418.3448	 64.5605
2010	11	07	0.0000	 0.4723	 0.0000	 0.2016	 0.0000	 31.8774	 418.0029	 64.3599
2010	11	08	0.0000	 0.4911	 0.0000	 0.2005	 0.0000	 31.7460	 417.6422	 64.1604
2010	11	09	0.0000	 0.4530	 0.0000	 0.1994	 0.0000	 31.6237	 417.3106	 63.9620
2010	11	10	0.0000	 0.4421	 0.0000	 0.1984	 0.0000	 31.5099	 416.9813	 63.7646
2010	11	11	0.0000	 0.4377	 0.0000	 0.1973	 0.0000	 31.4006	 416.6518	 63.5682
2010	11	12	0.0000	 0.4196	 0.0000	 0.1963	 0.0000	 31.2953	 416.3367	 63.3729
2010	11	13	0.0000	 0.4156	 0.0000	 0.1952	 0.0000	 31.1910	 416.0244	 63.1786
2010	11	14	0.0000	 0.4140	 0.0000	 0.1942	 0.0000	 31.0896	 415.7109	 62.9853
2010	11	15	3.7500	 0.3761	 0.2998	 0.1931	 0.0000	 34.4157	 415.4388	 62.7930
2010	11	16	0.0000	 0.4845	 0.0000	 0.1921	 0.0000	 34.1754	 415.2129	 62.6018
2010	11	17	0.0000	 0.2329	 0.0000	 0.1911	 0.0000	 33.9474	 415.2071	 62.4116
2010	11	18	0.0000	 0.2298	 0.0000	 0.1901	 0.0000	 33.7307	 415.1932	 62.2225
2010	11	19	0.0000	 0.2250	 0.0000	 0.1890	 0.0000	 33.5235	 415.1745	 62.0343
2010	11	20	11.3000	 0.1900	 0.9238	 0.1880	 0.0000	 41.5286	 417.3354	 61.8473
2010	11	21	14.0500	 10.0329	 0.3212	 0.1870	 0.0000	 40.4686	 422.0916	 61.6617
2010	11	22	0.0000	 0.5902	 0.0000	 0.1860	 0.0000	 38.6700	 423.3159	 61.4773
2010	11	23	1.7000	 0.4981	 0.1419	 0.1850	 0.0000	 39.1195	 423.9056	 61.2938
2010	11	24	0.0000	 0.5641	 0.0000	 0.1841	 0.0000	 38.1968	 424.2817	 61.1114
2010	11	25	0.0000	 0.5286	 0.0000	 0.1831	 0.0000	 37.6234	 424.3248	 60.9300
2010	11	26	6.3600	 0.4788	 0.5393	 0.1821	 0.0000	 40.8814	 426.3877	 60.7497
2010	11	27	0.0000	 0.5666	 0.0000	 0.1811	 0.0000	 38.7846	 427.9349	 60.5707
2010	11	28	0.0000	 0.5643	 0.0000	 0.1802	 0.0000	 38.0051	 428.1478	 60.3928
2010	11	29	0.0000	 0.5786	 0.0000	 0.1792	 0.0000	 37.4725	 428.0995	 60.2158
2010	11	30	0.0000	 0.5712	 0.0000	 0.1783	 0.0000	 37.0437	 427.9548	 60.0398
2010	12	01	8.5700	 0.5274	 0.7376	 0.1773	 0.0000	 41.3128	 430.9682	 59.8649
2010	12	02	0.0000	 0.7689	 0.0000	 0.1764	 0.0000	 38.8250	 432.7040	 59.6917
2010	12	03	0.0000	 0.8230	 0.0000	 0.1755	 0.0000	 37.9971	 432.7056	 59.5196
2010	12	04	0.0000	 0.8000	 0.0000	 0.1745	 0.0000	 37.4356	 432.4637	 59.3484
2010	12	05	0.0000	 0.7944	 0.0000	 0.1736	 0.0000	 36.9851	 432.1165	 59.1781
2010	12	06	13.4500	 0.6447	 1.1849	 0.1727	 0.0000	 41.8975	 438.8004	 59.0093
2010	12	07	6.7200	 4.3481	 0.2043	 0.1718	 0.0000	 40.0102	 442.8508	 58.8437
2010	12	08	0.0000	 1.0648	 0.0000	 0.1709	 0.0000	 38.5462	 443.2618	 58.6794
2010	12	09	13.4500	 0.7207	 1.2383	 0.1700	 0.0000	 41.8941	 451.3768	 58.5174
2010	12	10	20.1700	 8.2656	 1.1166	 0.1692	 0.0000	 41.7388	 462.3055	 58.3625
2010	12	11	7.5800	 7.7882	 0.0000	 0.1684	 0.0000	 38.9920	 464.8452	 58.2132
2010	12	12	0.0000	 1.1941	 0.0000	 0.1676	 0.0000	 38.1257	 464.4974	 58.0656
2010	12	13	0.0000	 1.1677	 0.0000	 0.1668	 0.0000	 37.5688	 463.8667	 57.9187
2010	12	14	0.0000	 1.2665	 0.0000	 0.1660	 0.0000	 37.1185	 463.0309	 57.7723
2010	12	15	0.0000	 1.3423	 0.0000	 0.1652	 0.0000	 36.7249	 462.0630	 57.6263
2010	12	16	0.0000	 1.2656	 0.0000	 0.1644	 0.0000	 36.3799	 461.1236	 57.4807
2010	12	17	0.0000	 1.2308	 0.0000	 0.1636	 0.0000	 36.0611	 460.1933	 57.3353
2010	12	18	0.0000	 1.1877	 0.0000	 0.1629	 0.0000	 35.7712	 459.2777	 57.1903
2010	12	19	0.0000	 1.4581	 0.0000	 0.1621	 0.0000	 35.4713	 458.1021	 57.0456
2010	12	20	7.8900	 0.9450	 0.7496	 0.1613	 0.0000	 40.9455	 458.7858	 56.9017
2010	12	21	6.5000	 3.5023	 0.2799	 0.1605	 0.0000	 40.1887	 462.2390	 56.7624
2010	12	22	6.5000	 3.5337	 0.2790	 0.1598	 0.0000	 40.1095	 464.9824	 56.6259
2010	12	23	6.5000	 4.3218	 0.2045	 0.1591	 0.0000	 39.7841	 467.2589	 56.4911
2010	12	24	19.4900	 4.4149	 1.5448	 0.1584	 0.0000	 42.0291	 478.5087	 56.3665
2010	12	25	12.9900	 5.7763	 0.7354	 0.1578	 0.0000	 41.1327	 485.8193	 56.2728
2010	12	26	6.8600	 6.1600	 0.0723	 0.1573	 0.0000	 39.2986	 488.2097	 56.1889
2010	12	27	0.0000	 1.7042	 0.0000	 0.1568	 0.0000	 38.2751	 487.4737	 56.1056
2010	12	28	0.0000	 1.7788	 0.0000	 0.1564	 0.0000	 37.6574	 486.2414	 56.0204
2010	12	29	0.0000	 1.5748	 0.0000	 0.1559	 0.0000	 37.2057	 485.0501	 55.9326
2010	12	30	0.0000	 1.4748	 0.0000	 0.1554	 0.0000	 36.8331	 483.8826	 55.8424
2010	12	31	0.0000	 1.4363	 0.0000	 0.1550	 0.0000	 36.5051	 482.7120	 55.7497
