2010	01	01	0.0000	 1.2327	 0.0000	 1.8056	 0.0000	 44.1958	 701.4256	 140.2851
2010	01	02	21.4400	 1.1006	 18.3841	 1.8056	 0.0000	 44.3280	 701.4256	 140.2851
2010	01	03	12.8600	 2.9789	 6.9749	 1.8056	 0.0000	 45.4286	 701.4256	 140.2851
2010	01	04	12.8600	 4.0204	 7.0340	 1.8056	 0.0000	 45.4286	 701.4256	 140.2851
2010	01	05	8.5700	 4.3292	 2.4556	 1.8056	 0.0000	 45.4081	 701.4256	 140.2851
2010	01	06	32.5600	 4.2993	 26.4347	 1.8056	 0.0000	 45.4286	 701.4256	 140.2851
2010	01	07	14.8900	 3.8548	 9.2296	 1.8056	 0.0000	 45.4286	 701.4256	 140.2851
2010	01	08	13.0300	 4.2358	 6.9886	 1.8056	 0.0000	 45.4286	 701.4256	 140.2851
2010	01	09	0.0000	 3.0199	 0.0000	 1.8056	 0.0000	 40.7622	 701.2840	 140.2851
2010	01	10	6.5100	 1.9603	 2.4301	 1.8056	 0.0000	 41.4345	 700.9082	 140.2851
2010	01	11	0.0000	 2.2662	 0.0000	 1.8056	 0.0000	 39.1510	 699.1375	 140.2851
2010	01	12	20.9100	 1.3337	 10.5211	 1.8056	 0.0000	 44.0949	 701.4256	 140.2851
2010	01	13	0.0000	 1.4272	 0.0000	 1.8056	 0.0000	 40.9876	 701.3176	 140.2851
2010	01	14	0.0000	 1.7608	 0.0000	 1.8056	 0.0000	 39.0102	 699.7287	 140.2851
2010	01	15	10.4600	 1.3258	 3.7202	 1.8056	 0.0000	 42.1066	 700.2230	 140.2851
2010	01	16	0.0000	 2.0933	 0.0000	 1.8056	 0.0000	 39.5022	 698.9462	 140.2851
2010	01	17	0.0000	 1.9635	 0.0000	 1.8056	 0.0000	 38.3530	 696.3261	 140.2851
2010	01	18	0.0000	 1.7294	 0.0000	 1.8056	 0.0000	 37.7630	 693.3812	 140.2851
2010	01	19	0.0000	 1.7788	 0.0000	 1.8056	 0.0000	 37.3360	 690.2237	 140.2851
2010	01	20	0.0000	 2.0646	 0.0000	 1.8056	 0.0000	 36.9640	 686.7255	 140.2851
2010	01	21	0.0000	 1.8440	 0.0000	 1.8056	 0.0000	 36.6607	 683.3792	 140.2851
2010	01	22	0.0000	 1.7572	 0.0000	 1.8056	 0.0000	 36.3956	 680.0815	 140.2851
2010	01	23	19.5900	 1.8182	 5.2911	 1.8056	 0.0000	 42.0869	 685.0477	 140.2851
2010	01	24	0.0000	 3.2679	 0.0000	 1.8056	 0.0000	 38.8812	 683.1975	 140.2851
2010	01	25	0.0000	 2.6902	 0.0000	 1.8056	 0.0000	 38.0473	 679.5356	 140.2851
2010	01	26	0.0000	 2.5234	 0.0000	 1.8056	 0.0000	 37.5028	 675.7511	 140.2851
2010	01	27	27.6300	 1.9253	 7.5688	 1.8056	 0.0000	 42.5382	 687.0286	 140.2851
2010	01	28	0.0000	 2.4186	 0.0000	 1.8056	 0.0000	 39.0223	 686.3379	 140.2851
2010	01	29	0.0000	 2.1961	 0.0000	 1.8056	 0.0000	 38.1539	 683.2045	 140.2851
2010	01	30	0.0000	 2.3262	 0.0000	 1.8056	 0.0000	 37.5926	 679.6340	 140.2851
2010	01	31	0.0000	 2.7281	 0.0000	 1.8056	 0.0000	 37.1259	 675.5671	 140.2851
2010	02	01	0.0000	 3.6467	 0.0000	 1.8056	 0.0000	 36.6563	 670.5843	 140.2851
2010	02	02	0.0000	 2.8653	 0.0000	 1.8056	 0.0000	 36.2972	 666.2725	 140.2851
2010	02	03	13.6700	 1.5110	 3.2460	 1.8056	 0.0000	 41.6985	 667.9592	 140.2851
2010	02	04	20.5100	 3.2225	 4.4468	 1.8056	 0.0000	 41.9869	 678.7058	 140.2851
2010	02	05	6.8400	 3.8027	 0.8100	 1.8056	 0.0000	 40.1040	 681.0104	 140.2851
2010	02	06	3.7700	 3.9408	 0.0000	 1.8056	 0.0000	 38.7677	 680.3898	 140.2851
2010	02	07	7.5500	 1.0839	 2.0590	 1.8056	 0.0000	 40.9519	 680.7876	 140.2851
2010	02	08	0.0000	 1.5542	 0.0000	 1.8056	 0.0000	 38.8861	 679.5131	 140.2851
2010	02	09	0.0000	 1.7136	 0.0000	 1.8056	 0.0000	 38.1164	 676.7636	 140.2851
2010	02	10	0.0000	 1.7267	 0.0000	 1.8056	 0.0000	 37.6152	 673.7325	 140.2851
2010	02	11	0.0000	 1.7357	 0.0000	 1.8056	 0.0000	 37.2301	 670.5763	 140.2851
2010	02	12	0.0000	 1.7536	 0.0000	 1.8056	 0.0000	 36.9064	 667.3408	 140.2851
2010	02	13	0.0000	 1.7812	 0.0000	 1.8056	 0.0000	 36.6192	 664.0412	 140.2851
2010	02	14	0.0000	 1.8912	 0.0000	 1.8056	 0.0000	 36.3481	 660.6154	 140.2851
2010	02	15	0.0000	 2.3068	 0.0000	 1.8056	 0.0000	 36.0623	 656.7888	 140.2851
2010	02	16	2.9000	 1.7473	 0.6260	 1.8056	 0.0000	 37.9805	 653.5722	 140.2851
2010	02	17	5.8100	 3.7908	 0.4181	 1.8056	 0.0000	 38.9564	 652.3918	 140.2851
2010	02	18	11.6100	 3.9733	 1.6486	 1.8056	 0.0000	 41.0339	 654.4969	 140.2851
2010	02	19	5.8100	 4.0378	 0.3745	 1.8056	 0.0000	 39.6599	 655.4629	 140.2851
2010	02	20	0.0000	 2.0206	 0.0000	 1.8056	 0.0000	 38.4701	 652.8460	 140.2851
2010	02	21	0.0000	 1.9111	 0.0000	 1.8056	 0.0000	 37.8522	 649.7472	 140.2851
2010	02	22	14.7400	 0.9414	 3.1916	 1.8056	 0.0000	 41.8318	 654.5495	 140.2851
2010	02	23	9.8200	 4.6745	 1.1318	 1.8056	 0.0000	 40.6067	 657.9828	 140.2851
2010	02	24	0.0000	 1.5108	 0.0000	 1.8056	 0.0000	 38.7830	 656.5096	 140.2851
2010	02	25	0.0000	 1.7723	 0.0000	 1.8056	 0.0000	 38.0579	 653.6567	 140.2851
2010	02	26	0.0000	 1.9181	 0.0000	 1.8056	 0.0000	 37.5606	 650.4303	 140.2851
2010	02	27	0.0000	 2.1360	 0.0000	 1.8056	 0.0000	 37.1522	 646.8971	 140.2851
2010	02	28	0.0000	 2.3465	 0.0000	 1.8056	 0.0000	 36.7867	 643.1106	 140.2851
2010	03	01	5.7100	 1.2797	 1.1556	 1.8056	 0.0000	 40.1971	 641.1500	 140.2851
2010	03	02	22.8400	 3.8775	 4.0112	 1.8056	 0.0000	 42.1467	 652.3461	 140.2851
2010	03	03	5.7100	 4.3989	 0.2663	 1.8056	 0.0000	 39.5517	 654.1803	 140.2851
2010	03	04	5.7100	 4.9206	 0.1522	 1.8056	 0.0000	 38.9567	 653.6106	 140.2851
2010	03	05	11.4200	 4.3326	 1.6535	 1.8056	 0.0000	 40.8801	 655.3119	 140.2851
2010	03	06	10.8700	 6.1167	 1.0422	 1.8056	 0.0000	 40.4972	 657.6002	 140.2851
2010	03	07	0.0000	 1.4840	 0.0000	 1.8056	 0.0000	 38.7584	 656.0688	 140.2851
2010	03	08	5.4300	 1.3170	 1.2149	 1.8056	 0.0000	 40.5189	 655.3815	 140.2851
2010	03	09	0.0000	 1.8128	 0.0000	 1.8056	 0.0000	 38.7487	 653.5526	 140.2851
2010	03	10	0.0000	 2.1914	 0.0000	 1.8056	 0.0000	 38.0050	 650.2993	 140.2851
2010	03	11	0.0000	 2.1954	 0.0000	 1.8056	 0.0000	 37.4976	 646.8057	 140.2851
2010	03	12	0.0000	 2.2887	 0.0000	 1.8056	 0.0000	 37.0866	 643.1224	 140.2851
2010	03	13	0.0000	 1.9256	 0.0000	 1.8056	 0.0000	 36.7653	 639.7125	 140.2851
2010	03	14	0.0000	 2.0257	 0.0000	 1.8056	 0.0000	 36.4689	 636.1776	 140.2851
2010	03	15	0.0000	 1.8591	 0.0000	 1.8056	 0.0000	 36.2131	 632.7687	 140.2851
2010	03	16	0.0000	 1.9317	 0.0000	 1.8056	 0.0000	 35.9707	 629.2739	 140.2851
2010	03	17	0.0000	 1.8655	 0.0000	 1.8056	 0.0000	 35.7505	 625.8230	 140.2851
2010	03	18	0.0000	 1.8146	 0.0000	 1.7987	 0.0000	 35.5484	 622.4683	 140.2286
2010	03	19	0.0000	 1.5498	 0.0000	 1.7528	 0.0000	 35.3798	 619.4829	 140.0800
2010	03	20	0.0000	 1.3998	 0.0000	 1.6860	 0.0000	 35.2316	 616.7243	 139.9011
2010	03	21	0.0000	 1.6308	 0.0000	 1.6182	 0.0000	 35.0709	 613.8237	 139.7134
2010	03	22	0.0000	 2.1319	 0.0000	 1.5549	 0.0000	 34.8770	 610.5233	 139.5209
2010	03	23	0.0000	 1.6628	 0.0000	 1.4979	 0.0000	 34.7277	 607.7009	 139.3319
2010	03	24	13.1200	 1.0719	 2.2454	 1.4501	 0.0000	 41.7356	 609.1950	 139.1631
2010	03	25	19.6800	 4.9946	 2.6103	 1.4239	 0.0000	 41.8887	 619.7035	 139.1525
2010	03	26	6.8200	 4.6071	 0.3852	 1.4478	 0.0000	 39.8795	 621.9077	 139.3375
2010	03	27	6.8200	 5.0396	 0.3057	 1.4979	 0.0000	 39.5179	 622.0566	 139.5271
2010	03	28	20.4500	 5.2649	 2.8479	 1.5640	 0.0000	 41.9140	 630.1079	 139.8528
2010	03	29	0.0000	 1.3133	 0.0000	 1.7287	 0.0000	 38.9609	 629.6060	 140.2851
2010	03	30	0.0000	 1.3010	 0.0000	 1.8056	 0.0000	 38.1939	 627.2663	 140.2851
2010	03	31	0.0000	 1.3630	 0.0000	 1.8055	 0.0000	 37.7053	 624.5904	 140.2811
2010	04	01	0.0000	 1.3500	 0.0000	 1.7895	 0.0000	 37.3379	 621.9026	 140.1969
2010	04	02	0.0000	 1.4630	 0.0000	 1.7394	 0.0000	 37.0260	 619.1597	 140.0493
2010	04	03	0.0000	 1.4834	 0.0000	 1.6752	 0.0000	 36.7541	 616.4468	 139.8755
2010	04	04	0.0000	 1.4762	 0.0000	 1.6103	 0.0000	 36.5112	 613.7839	 139.6948
2010	04	05	0.0000	 1.4699	 0.0000	 1.5509	 0.0000	 36.2893	 611.1636	 139.5162
2010	04	06	0.0000	 1.5516	 0.0000	 1.4987	 0.0000	 36.0778	 608.4986	 139.3425
2010	04	07	0.0000	 1.6275	 0.0000	 1.4536	 0.0000	 35.8739	 605.7903	 139.1737
2010	04	08	0.0000	 1.5976	 0.0000	 1.4151	 0.0000	 35.6854	 603.1299	 139.0098
2010	04	09	0.0000	 1.4763	 0.0000	 1.3828	 0.0000	 35.5179	 600.5967	 138.8515
2010	04	10	0.0000	 1.5161	 0.0000	 1.3563	 0.0000	 35.3552	 598.0408	 138.6976
2010	04	11	0.0000	 1.5536	 0.0000	 1.3349	 0.0000	 35.1969	 595.4620	 138.5462
2010	04	12	0.0000	 1.5302	 0.0000	 1.3180	 0.0000	 35.0472	 592.9140	 138.3956
2010	04	13	0.0000	 1.4894	 0.0000	 1.3055	 0.0000	 34.9067	 590.4111	 138.2441
2010	04	14	34.7100	 1.1670	 5.7319	 1.2975	 0.0000	 42.9538	 608.9640	 138.1397
2010	04	15	0.0000	 1.4692	 0.0000	 1.2969	 0.0000	 38.9868	 610.1283	 138.1944
2010	04	16	0.0000	 1.4073	 0.0000	 1.2988	 0.0000	 38.2007	 608.1781	 138.2244
2010	04	17	0.0000	 1.4325	 0.0000	 1.2995	 0.0000	 37.7052	 605.9441	 138.2220
2010	04	18	0.0000	 1.6237	 0.0000	 1.2987	 0.0000	 37.3149	 603.4448	 138.1892
2010	04	19	0.0000	 1.7306	 0.0000	 1.2968	 0.0000	 36.9830	 600.8095	 138.1290
2010	04	20	0.0000	 1.6682	 0.0000	 1.2945	 0.0000	 36.6995	 598.2133	 138.0460
2010	04	21	0.0000	 1.5163	 0.0000	 1.2931	 0.0000	 36.4577	 595.7473	 137.9443
2010	04	22	0.0000	 1.5525	 0.0000	 1.2925	 0.0000	 36.2329	 593.2448	 137.8266
2010	04	23	0.0000	 1.4995	 0.0000	 1.2918	 0.0000	 36.0302	 590.7875	 137.6954
2010	04	24	0.0000	 1.4977	 0.0000	 1.2911	 0.0000	 35.8410	 588.3303	 137.5529
2010	04	25	0.0000	 1.4685	 0.0000	 1.2904	 0.0000	 35.6659	 585.8984	 137.4010
2010	04	26	0.0000	 1.4156	 0.0000	 1.2859	 0.0000	 35.5049	 583.5484	 137.2106
2010	04	27	0.0000	 1.2829	 0.0000	 1.2591	 0.0000	 35.3626	 581.4003	 136.9589
2010	04	28	0.0000	 1.2784	 0.0000	 1.2174	 0.0000	 35.2268	 579.3204	 136.6788
2010	04	29	0.0000	 1.3112	 0.0000	 1.1721	 0.0000	 35.0939	 577.2627	 136.3862
2010	04	30	0.0000	 1.3190	 0.0000	 1.1281	 0.0000	 34.9654	 575.2415	 136.0888
2010	05	01	0.0000	 1.2327	 0.0000	 1.0876	 0.0000	 34.8485	 573.3354	 135.7916
2010	05	02	12.1900	 1.1269	 1.7846	 1.0520	 0.0000	 41.6719	 575.0016	 135.5110
2010	05	03	0.0000	 1.3662	 0.0000	 1.0342	 0.0000	 38.9419	 575.5481	 135.3115
2010	05	04	0.0000	 1.3177	 0.0000	 1.0268	 0.0000	 38.1839	 574.1699	 135.1031
2010	05	05	0.0000	 1.3532	 0.0000	 1.0154	 0.0000	 37.7011	 572.5108	 134.8764
2010	05	06	0.0000	 1.3583	 0.0000	 1.0005	 0.0000	 37.3357	 570.7588	 134.6349
2010	05	07	4.2800	 1.0992	 0.6152	 0.9836	 0.0000	 39.9312	 569.9750	 134.3878
2010	05	08	0.0000	 1.3800	 0.0000	 0.9687	 0.0000	 38.6083	 569.2027	 134.1519
2010	05	09	0.0000	 1.4660	 0.0000	 0.9557	 0.0000	 37.9652	 567.6630	 133.9128
2010	05	10	0.0000	 1.5962	 0.0000	 0.9423	 0.0000	 37.5186	 565.8187	 133.6653
2010	05	11	0.0000	 1.5248	 0.0000	 0.9281	 0.0000	 37.1710	 563.9686	 133.4101
2010	05	12	0.0000	 1.3700	 0.0000	 0.9140	 0.0000	 36.8898	 562.2258	 133.1500
2010	05	13	0.0000	 1.3243	 0.0000	 0.9004	 0.0000	 36.6457	 560.5083	 132.8870
2010	05	14	0.0000	 1.2699	 0.0000	 0.8878	 0.0000	 36.4289	 558.8325	 132.6219
2010	05	15	0.0000	 1.2836	 0.0000	 0.8762	 0.0000	 36.2277	 557.1407	 132.3550
2010	05	16	0.0000	 1.2842	 0.0000	 0.8658	 0.0000	 36.0401	 555.4469	 132.0864
2010	05	17	0.0000	 1.2474	 0.0000	 0.8566	 0.0000	 35.8668	 553.7868	 131.8159
2010	05	18	0.0000	 1.1742	 0.0000	 0.8454	 0.0000	 35.7093	 552.2215	 131.5190
2010	05	19	0.0000	 1.2274	 0.0000	 0.8179	 0.0000	 35.5543	 550.6758	 131.1743
2010	05	20	0.0000	 1.2247	 0.0000	 0.7805	 0.0000	 35.4061	 549.1832	 130.8099
2010	05	21	0.0000	 1.2263	 0.0000	 0.7431	 0.0000	 35.2631	 547.7303	 130.4365
2010	05	22	0.0000	 1.1996	 0.0000	 0.7094	 0.0000	 35.1272	 546.3341	 130.0595
2010	05	23	0.0000	 1.1384	 0.0000	 0.6799	 0.0000	 35.0009	 545.0184	 129.6832
2010	05	24	0.0000	 1.2385	 0.0000	 0.6528	 0.0000	 34.8693	 543.6457	 129.2962
2010	05	25	4.9700	 1.0267	 0.6356	 0.6286	 0.0000	 38.8508	 542.7056	 128.9165
2010	05	26	0.0000	 1.2266	 0.0000	 0.6088	 0.0000	 38.0963	 542.0163	 128.5424
2010	05	27	0.0000	 1.1901	 0.0000	 0.5926	 0.0000	 37.6278	 541.0691	 128.1755
2010	05	28	5.4500	 1.0075	 0.6983	 0.5794	 0.0000	 40.5415	 541.6570	 127.8213
2010	05	29	0.0000	 1.2071	 0.0000	 0.5701	 0.0000	 38.7819	 541.9882	 127.4900
2010	05	30	0.0000	 1.2071	 0.0000	 0.5630	 0.0000	 38.0912	 541.2371	 127.1616
2010	05	31	0.0000	 1.3482	 0.0000	 0.5553	 0.0000	 37.6233	 540.1464	 126.8167
2010	06	01	0.0000	 1.3571	 0.0000	 0.5468	 0.0000	 37.2611	 538.9564	 126.4650
2010	06	02	0.0000	 1.2383	 0.0000	 0.5390	 0.0000	 36.9696	 537.8239	 126.1118
2010	06	03	0.0000	 1.0539	 0.0000	 0.5324	 0.0000	 36.7326	 536.8241	 125.7622
2010	06	04	0.0000	 1.0835	 0.0000	 0.5264	 0.0000	 36.5165	 535.7910	 125.4016
2010	06	05	0.0000	 1.1406	 0.0000	 0.5206	 0.0000	 36.3118	 534.7083	 125.0278
2010	06	06	0.0000	 1.1448	 0.0000	 0.5157	 0.0000	 36.1216	 533.6197	 124.6460
2010	06	07	0.0000	 1.1120	 0.0000	 0.5123	 0.0000	 35.9463	 532.5577	 124.2590
2010	06	08	0.0000	 1.1076	 0.0000	 0.5101	 0.0000	 35.7807	 531.5021	 123.8625
2010	06	09	0.0000	 1.1045	 0.0000	 0.5072	 0.0000	 35.6237	 530.4541	 123.4558
2010	06	10	0.0000	 1.0938	 0.0000	 0.5036	 0.0000	 35.4748	 529.4209	 123.0405
2010	06	11	0.0000	 1.2050	 0.0000	 0.4997	 0.0000	 35.3209	 528.3024	 122.6083
2010	06	12	0.0000	 1.2706	 0.0000	 0.4957	 0.0000	 35.1662	 527.1322	 122.1668
2010	06	13	0.0000	 1.1749	 0.0000	 0.4917	 0.0000	 35.0255	 526.0458	 121.7273
2010	06	14	0.0000	 1.1018	 0.0000	 0.4879	 0.0000	 34.8959	 525.0280	 121.2849
2010	06	15	0.0000	 1.0733	 0.0000	 0.4843	 0.0000	 34.7725	 524.0394	 120.8394
2010	06	16	0.0000	 1.0635	 0.0000	 0.4807	 0.0000	 34.6531	 523.0632	 120.3908
2010	06	17	0.0000	 1.0264	 0.0000	 0.4773	 0.0000	 34.5389	 522.1215	 119.9428
2010	06	18	0.0000	 0.9534	 0.0000	 0.4741	 0.0000	 34.4340	 521.2438	 119.4980
2010	06	19	0.0000	 0.9661	 0.0000	 0.4709	 0.0000	 34.3296	 520.3579	 119.0512
2010	06	20	0.0000	 1.0762	 0.0000	 0.4678	 0.0000	 34.2168	 519.3851	 118.5928
2010	06	21	0.0000	 1.0993	 0.0000	 0.4648	 0.0000	 34.1037	 518.3965	 118.1304
2010	06	22	0.0000	 1.0187	 0.0000	 0.4618	 0.0000	 34.0000	 517.4821	 117.6680
2010	06	23	0.0000	 0.9797	 0.0000	 0.4588	 0.0000	 33.9015	 516.6038	 117.2063
2010	06	24	0.0000	 1.0101	 0.0000	 0.4560	 0.0000	 33.8016	 515.7047	 116.7393
2010	06	25	0.0000	 1.0158	 0.0000	 0.4531	 0.0000	 33.7026	 514.8041	 116.2701
2010	06	26	0.0000	 1.0479	 0.0000	 0.4503	 0.0000	 33.6022	 513.8822	 115.7940
2010	06	27	0.0000	 1.0492	 0.0000	 0.4475	 0.0000	 33.5032	 512.9637	 115.3149
2010	06	28	0.0000	 1.0158	 0.0000	 0.4447	 0.0000	 33.4083	 512.0748	 114.8382
2010	06	29	0.0000	 0.9925	 0.0000	 0.4420	 0.0000	 33.3165	 511.2073	 114.3631
2010	06	30	0.0000	 0.9680	 0.0000	 0.4393	 0.0000	 33.2280	 510.3636	 113.8878
2010	07	01	0.0000	 0.9274	 0.0000	 0.4367	 0.0000	 33.1439	 509.5540	 113.4174
2010	07	02	0.0000	 0.9239	 0.0000	 0.4342	 0.0000	 33.0609	 508.7489	 112.9475
2010	07	03	0.0000	 0.8966	 0.0000	 0.4317	 0.0000	 32.9809	 507.9673	 112.4808
2010	07	04	0.0000	 0.8865	 0.0000	 0.4292	 0.0000	 32.9026	 507.1960	 112.0148
2010	07	05	0.0000	 0.8474	 0.0000	 0.4268	 0.0000	 32.8282	 506.4578	 111.5531
2010	07	06	0.0000	 0.8950	 0.0000	 0.4244	 0.0000	 32.7509	 505.6841	 111.0847
2010	07	07	0.0000	 0.8958	 0.0000	 0.4221	 0.0000	 32.6744	 504.9129	 110.6145
2010	07	08	0.0000	 0.8890	 0.0000	 0.4197	 0.0000	 32.5992	 504.1493	 110.1446
2010	07	09	0.0000	 0.8786	 0.0000	 0.4174	 0.0000	 32.5256	 503.3957	 109.6759
2010	07	10	0.0000	 0.9085	 0.0000	 0.4150	 0.0000	 32.4502	 502.6189	 109.2045
2010	07	11	0.0000	 0.9100	 0.0000	 0.4126	 0.0000	 32.3754	 501.8425	 108.7331
2010	07	12	0.0000	 0.8817	 0.0000	 0.4102	 0.0000	 32.3039	 501.0925	 108.2628
2010	07	13	0.0000	 0.8639	 0.0000	 0.4079	 0.0000	 32.2346	 500.3599	 107.7928
2010	07	14	0.0000	 0.8715	 0.0000	 0.4055	 0.0000	 32.1655	 499.6231	 107.3217
2010	07	15	0.0000	 0.8800	 0.0000	 0.4031	 0.0000	 32.0963	 498.8800	 106.8509
2010	07	16	0.0000	 0.8690	 0.0000	 0.4008	 0.0000	 32.0286	 498.1479	 106.3808
2010	07	17	0.0000	 0.8401	 0.0000	 0.3984	 0.0000	 31.9641	 497.4424	 105.9123
2010	07	18	0.0000	 0.8251	 0.0000	 0.3961	 0.0000	 31.9014	 496.7507	 105.4456
2010	07	19	0.0000	 0.8427	 0.0000	 0.3937	 0.0000	 31.8376	 496.0443	 104.9794
2010	07	20	0.0000	 0.8445	 0.0000	 0.3914	 0.0000	 31.7742	 495.3373	 104.5139
2010	07	21	0.0000	 0.8201	 0.0000	 0.3890	 0.0000	 31.7130	 494.6504	 104.0530
2010	07	22	0.0000	 0.8274	 0.0000	 0.3867	 0.0000	 31.6515	 493.9556	 103.5951
2010	07	23	0.0000	 0.8106	 0.0000	 0.3844	 0.0000	 31.5917	 493.2740	 103.1416
2010	07	24	0.0000	 0.7822	 0.0000	 0.3822	 0.0000	 31.5344	 492.6153	 102.6930
2010	07	25	0.0000	 0.7701	 0.0000	 0.3799	 0.0000	 31.4785	 491.9658	 102.2485
2010	07	26	0.0000	 0.7588	 0.0000	 0.3777	 0.0000	 31.4236	 491.3248	 101.8079
2010	07	27	0.0000	 0.7432	 0.0000	 0.3755	 0.0000	 31.3702	 490.6953	 101.3721
2010	07	28	0.0000	 0.7745	 0.0000	 0.3733	 0.0000	 31.3145	 490.0374	 100.9379
2010	07	29	0.0000	 0.7761	 0.0000	 0.3711	 0.0000	 31.2591	 489.3766	 100.5069
2010	07	30	0.0000	 0.7417	 0.0000	 0.3689	 0.0000	 31.2066	 488.7449	 100.0804
2010	07	31	0.0000	 0.7245	 0.0000	 0.3668	 0.0000	 31.1556	 488.1266	 99.6583
2010	08	01	0.0000	 0.6841	 0.0000	 0.3647	 0.0000	 31.1073	 487.5352	 99.2492
2010	08	02	0.0000	 0.6790	 0.0000	 0.3627	 0.0000	 31.0595	 486.9464	 98.8442
2010	08	03	0.0000	 0.6826	 0.0000	 0.3606	 0.0000	 31.0118	 486.3534	 98.4417
2010	08	04	0.0000	 0.6768	 0.0000	 0.3586	 0.0000	 30.9647	 485.7647	 98.0420
2010	08	05	0.0000	 0.6625	 0.0000	 0.3566	 0.0000	 30.9190	 485.1878	 97.6456
2010	08	06	0.0000	 0.6574	 0.0000	 0.3546	 0.0000	 30.8738	 484.6139	 97.2527
2010	08	07	0.0000	 0.6602	 0.0000	 0.3527	 0.0000	 30.8286	 484.0362	 96.8627
2010	08	08	0.0000	 0.6611	 0.0000	 0.3507	 0.0000	 30.7836	 483.4565	 96.4757
2010	08	09	0.0000	 0.6547	 0.0000	 0.3488	 0.0000	 30.7392	 482.8813	 96.0918
2010	08	10	0.0000	 0.6270	 0.0000	 0.3468	 0.0000	 30.6971	 482.3296	 95.7116
2010	08	11	0.0000	 0.6172	 0.0000	 0.3449	 0.0000	 30.6559	 481.7856	 95.3348
2010	08	12	0.0000	 0.6203	 0.0000	 0.3430	 0.0000	 30.6147	 481.2375	 94.9607
2010	08	13	0.0000	 0.6227	 0.0000	 0.3412	 0.0000	 30.5734	 480.6859	 94.5898
2010	08	14	0.0000	 0.5907	 0.0000	 0.3393	 0.0000	 30.5332	 480.1622	 94.2236
2010	08	15	0.0000	 0.5628	 0.0000	 0.3375	 0.0000	 30.4939	 479.6670	 93.8578
2010	08	16	0.0000	 0.5957	 0.0000	 0.3356	 0.0000	 30.4552	 479.1359	 93.4964
2010	08	17	0.0000	 0.5833	 0.0000	 0.3338	 0.0000	 30.4175	 478.6146	 93.1383
2010	08	18	0.0000	 0.5966	 0.0000	 0.3320	 0.0000	 30.3789	 478.0803	 92.7825
2010	08	19	0.0000	 0.6177	 0.0000	 0.3302	 0.0000	 30.3391	 477.5259	 92.4288
2010	08	20	0.0000	 0.5827	 0.0000	 0.3285	 0.0000	 30.3019	 477.0024	 92.0783
2010	08	21	0.0000	 0.5737	 0.0000	 0.3267	 0.0000	 30.2653	 476.4878	 91.7292
2010	08	22	0.0000	 0.5808	 0.0000	 0.3249	 0.0000	 30.2262	 475.9737	 91.3767
2010	08	23	0.0000	 0.5554	 0.0000	 0.3232	 0.0000	 30.1876	 475.4865	 91.0238
2010	08	24	0.0000	 0.5699	 0.0000	 0.3214	 0.0000	 30.1494	 474.9820	 90.6752
2010	08	25	0.0000	 0.5669	 0.0000	 0.3197	 0.0000	 30.1119	 474.4781	 90.3301
2010	08	26	0.0000	 0.5321	 0.0000	 0.3179	 0.0000	 30.0767	 474.0056	 89.9877
2010	08	27	0.0000	 0.5353	 0.0000	 0.3162	 0.0000	 30.0396	 473.5367	 89.6423
2010	08	28	0.0000	 0.5321	 0.0000	 0.3145	 0.0000	 30.0023	 473.0721	 89.2976
2010	08	29	0.0000	 0.5137	 0.0000	 0.3127	 0.0000	 29.9680	 472.6179	 88.9596
2010	08	30	0.0000	 0.5155	 0.0000	 0.3111	 0.0000	 29.9344	 472.1591	 88.6255
2010	08	31	0.0000	 0.5161	 0.0000	 0.3094	 0.0000	 29.9008	 471.6999	 88.2927
2010	09	01	0.0000	 0.5339	 0.0000	 0.3077	 0.0000	 29.8664	 471.2253	 87.9602
2010	09	02	0.0000	 0.5223	 0.0000	 0.3060	 0.0000	 29.8318	 470.7646	 87.6272
2010	09	03	0.0000	 0.5114	 0.0000	 0.3043	 0.0000	 29.7974	 470.3157	 87.2946
2010	09	04	0.0000	 0.5068	 0.0000	 0.3027	 0.0000	 29.7620	 469.8756	 86.9606
2010	09	05	0.0000	 0.4987	 0.0000	 0.3010	 0.0000	 29.7258	 469.4458	 86.6269
2010	09	06	0.0000	 0.5032	 0.0000	 0.2993	 0.0000	 29.6890	 469.0126	 86.2944
2010	09	07	0.0000	 0.5317	 0.0000	 0.2976	 0.0000	 29.6511	 468.5517	 85.9638
2010	09	08	0.0000	 0.5446	 0.0000	 0.2960	 0.0000	 29.6097	 468.0850	 85.6314
2010	09	09	0.0000	 0.5642	 0.0000	 0.2943	 0.0000	 29.5652	 467.6042	 85.2980
2010	09	10	0.0000	 0.5079	 0.0000	 0.2926	 0.0000	 29.5250	 467.1748	 84.9672
2010	09	11	0.0000	 0.4766	 0.0000	 0.2910	 0.0000	 29.4912	 466.7630	 84.6452
2010	09	12	0.0000	 0.4384	 0.0000	 0.2895	 0.0000	 29.4589	 466.3489	 84.3638
2010	09	13	0.0000	 0.4385	 0.0000	 0.2880	 0.0000	 29.4260	 465.9354	 84.0836
2010	09	14	0.0000	 0.4444	 0.0000	 0.2866	 0.0000	 29.3921	 465.5173	 83.8046
2010	09	15	0.0000	 0.4529	 0.0000	 0.2852	 0.0000	 29.3565	 465.0925	 83.5268
2010	09	16	0.0000	 0.4509	 0.0000	 0.2838	 0.0000	 29.3209	 464.6699	 83.2503
2010	09	17	0.0000	 0.4365	 0.0000	 0.2825	 0.0000	 29.2873	 464.2599	 82.9750
2010	09	18	0.0000	 0.4395	 0.0000	 0.2811	 0.0000	 29.2527	 463.8479	 82.7009
2010	09	19	0.0000	 0.4556	 0.0000	 0.2797	 0.0000	 29.2165	 463.4217	 82.4280
2010	09	20	0.0000	 0.4445	 0.0000	 0.2783	 0.0000	 29.1968	 462.9903	 82.1564
2010	09	21	0.0000	 0.4216	 0.0000	 0.2770	 0.0000	 29.1786	 462.5803	 81.8859
2010	09	22	0.0000	 0.4022	 0.0000	 0.2756	 0.0000	 29.1612	 462.1892	 81.6167
2010	09	23	0.0000	 0.3963	 0.0000	 0.2743	 0.0000	 29.1442	 461.8037	 81.3487
2010	09	24	0.0000	 0.4119	 0.0000	 0.2729	 0.0000	 29.1264	 461.4035	 81.0818
2010	09	25	0.0000	 0.4222	 0.0000	 0.2716	 0.0000	 29.1079	 460.9939	 80.8162
2010	09	26	0.0000	 0.4087	 0.0000	 0.2702	 0.0000	 29.0876	 460.5995	 80.5518
2010	09	27	0.0000	 0.3867	 0.0000	 0.2689	 0.0000	 29.0674	 460.2274	 80.2886
2010	09	28	0.0000	 0.3872	 0.0000	 0.2676	 0.0000	 29.0501	 459.8518	 80.0267
2010	09	29	0.0000	 0.3864	 0.0000	 0.2663	 0.0000	 29.0335	 459.4766	 79.7659
2010	09	30	0.0000	 0.3980	 0.0000	 0.2650	 0.0000	 29.0165	 459.0902	 79.5063
2010	10	01	0.0000	 0.4143	 0.0000	 0.2637	 0.0000	 28.9988	 458.6883	 79.2479
2010	10	02	0.0000	 0.4178	 0.0000	 0.2624	 0.0000	 28.9802	 458.2839	 78.9907
2010	10	03	0.0000	 0.4050	 0.0000	 0.2611	 0.0000	 28.9616	 457.8926	 78.7346
2010	10	04	0.0000	 0.4024	 0.0000	 0.2598	 0.0000	 28.9432	 457.5035	 78.4797
2010	10	05	0.0000	 0.3957	 0.0000	 0.2585	 0.0000	 28.9248	 457.1215	 78.2260
2010	10	06	0.0000	 0.3881	 0.0000	 0.2572	 0.0000	 28.9061	 456.7474	 77.9735
2010	10	07	0.0000	 0.4009	 0.0000	 0.2560	 0.0000	 28.8869	 456.3612	 77.7222
2010	10	08	0.0000	 0.4651	 0.0000	 0.2547	 0.0000	 28.8626	 455.9158	 77.4720
2010	10	09	0.0000	 0.6295	 0.0000	 0.2534	 0.0000	 28.8318	 455.3126	 77.2230
2010	10	10	0.0000	 0.5138	 0.0000	 0.2522	 0.0000	 28.8069	 454.8193	 76.9752
2010	10	11	0.0000	 0.5199	 0.0000	 0.2509	 0.0000	 28.7824	 454.3196	 76.7285
2010	10	12	0.0000	 0.6552	 0.0000	 0.2497	 0.0000	 28.7516	 453.6910	 76.4830
2010	10	13	0.0000	 0.6249	 0.0000	 0.2485	 0.0000	 28.7220	 453.0917	 76.2386
2010	10	14	0.0000	 0.5782	 0.0000	 0.2472	 0.0000	 28.6956	 452.5359	 75.9953
2010	10	15	0.0000	 0.5188	 0.0000	 0.2460	 0.0000	 28.6732	 452.0356	 75.7532
2010	10	16	0.0000	 0.4260	 0.0000	 0.2448	 0.0000	 28.6533	 451.6257	 75.5122
2010	10	17	0.0000	 0.3831	 0.0000	 0.2436	 0.0000	 28.6346	 451.2576	 75.2724
2010	10	18	0.0000	 0.3774	 0.0000	 0.2424	 0.0000	 28.6163	 450.8948	 75.0336
2010	10	19	0.0000	 0.3920	 0.0000	 0.2412	 0.0000	 28.5982	 450.5174	 74.7960
2010	10	20	0.0000	 0.4078	 0.0000	 0.2400	 0.0000	 28.5794	 450.1248	 74.5595
2010	10	21	0.0000	 0.4593	 0.0000	 0.2388	 0.0000	 28.5586	 449.6829	 74.3242
2010	10	22	0.0000	 0.4914	 0.0000	 0.2376	 0.0000	 28.5370	 449.2097	 74.0899
2010	10	23	0.0000	 0.4854	 0.0000	 0.2365	 0.0000	 28.5163	 448.7417	 73.8567
2010	10	24	0.0000	 0.4976	 0.0000	 0.2353	 0.0000	 28.4943	 448.2629	 73.6246
2010	10	25	0.6900	 0.3739	 0.0601	 0.2341	 0.0000	 29.0860	 447.9072	 73.3936
2010	10	26	0.0000	 0.3144	 0.0000	 0.2330	 0.0000	 29.0404	 447.6523	 73.1637
2010	10	27	6.6700	 0.2327	 0.5990	 0.2318	 0.0000	 35.0485	 447.4624	 72.9349
2010	10	28	0.0000	 0.3527	 0.0000	 0.2307	 0.0000	 34.8504	 447.3219	 72.7072
2010	10	29	0.0000	 0.3160	 0.0000	 0.2295	 0.0000	 34.6783	 447.1751	 72.4807
2010	10	30	0.0000	 0.2899	 0.0000	 0.2284	 0.0000	 34.5283	 447.0323	 72.2552
2010	10	31	0.0000	 0.2930	 0.0000	 0.2272	 0.0000	 34.3884	 446.8762	 72.0309
2010	11	01	0.0000	 0.3210	 0.0000	 0.2261	 0.0000	 34.2434	 446.6974	 71.8077
2010	11	02	0.0000	 0.3332	 0.0000	 0.2250	 0.0000	 34.0975	 446.5072	 71.5855
2010	11	03	0.0000	 0.3303	 0.0000	 0.2239	 0.0000	 33.9575	 446.3141	 71.3645
2010	11	04	0.0000	 0.3269	 0.0000	 0.2228	 0.0000	 33.8230	 446.1190	 71.1445
2010	11	05	0.0000	 0.2971	 0.0000	 0.2217	 0.0000	 33.7046	 445.9375	 70.9255
2010	11	06	0.0000	 0.2882	 0.0000	 0.2206	 0.0000	 33.5965	 445.7547	 70.7076
2010	11	07	0.0000	 0.2987	 0.0000	 0.2195	 0.0000	 33.4803	 445.5696	 70.4908
2010	11	08	0.0000	 0.3077	 0.0000	 0.2184	 0.0000	 33.3631	 445.3764	 70.2750
2010	11	09	0.0000	 0.2995	 0.0000	 0.2173	 0.0000	 33.2517	 445.1857	 70.0603
2010	11	10	0.0000	 0.2802	 0.0000	 0.2162	 0.0000	 33.1568	 444.9979	 69.8466
2010	11	11	0.0000	 0.2909	 0.0000	 0.2151	 0.0000	 33.0618	 444.7995	 69.6339
2010	11	12	0.0000	 0.2791	 0.0000	 0.2141	 0.0000	 32.9633	 444.6166	 69.4222
2010	11	13	0.0000	 0.2712	 0.0000	 0.2130	 0.0000	 32.8688	 444.4375	 69.2116
2010	11	14	0.0000	 0.2653	 0.0000	 0.2120	 0.0000	 32.7780	 444.2607	 69.0020
2010	11	15	0.0000	 0.2686	 0.0000	 0.2109	 0.0000	 32.6875	 444.0803	 68.7934
2010	11	16	0.0000	 0.2722	 0.0000	 0.2099	 0.0000	 32.5977	 443.8956	 68.5858
2010	11	17	0.0000	 0.2834	 0.0000	 0.2088	 0.0000	 32.5045	 443.7031	 68.3792
2010	11	18	0.0000	 0.2894	 0.0000	 0.2078	 0.0000	 32.4103	 443.5057	 68.1736
2010	11	19	0.0000	 0.3607	 0.0000	 0.2067	 0.0000	 32.2934	 443.2599	 67.9690
2010	11	20	11.2800	 0.3848	 1.0166	 0.2057	 0.0000	 40.9957	 444.4163	 67.7655
2010	11	21	24.0200	 7.8894	 1.4787	 0.2047	 0.0000	 42.1026	 457.9574	 67.5646
2010	11	22	0.0000	 0.7449	 0.0000	 0.2037	 0.0000	 38.9356	 460.3909	 67.3672
2010	11	23	0.0000	 0.7134	 0.0000	 0.2027	 0.0000	 38.1318	 460.4746	 67.1712
2010	11	24	0.0000	 0.6109	 0.0000	 0.2017	 0.0000	 37.6260	 460.3626	 66.9762
2010	11	25	0.0000	 0.5712	 0.0000	 0.2007	 0.0000	 37.2438	 460.1669	 66.7822
2010	11	26	0.0000	 0.5708	 0.0000	 0.1998	 0.0000	 36.9235	 459.9097	 66.5892
2010	11	27	0.0000	 0.5803	 0.0000	 0.1988	 0.0000	 36.6398	 459.6065	 66.3970
2010	11	28	0.0000	 0.6281	 0.0000	 0.1978	 0.0000	 36.3734	 459.2382	 66.2057
2010	11	29	0.0000	 0.6179	 0.0000	 0.1969	 0.0000	 36.1291	 458.8584	 66.0152
2010	11	30	0.0000	 0.6338	 0.0000	 0.1959	 0.0000	 35.8973	 458.4500	 65.8256
2010	12	01	0.0000	 0.7204	 0.0000	 0.1950	 0.0000	 35.6646	 457.9561	 65.6368
2010	12	02	0.0000	 0.6362	 0.0000	 0.1940	 0.0000	 35.4575	 457.5209	 65.4488
2010	12	03	0.0000	 0.6732	 0.0000	 0.1931	 0.0000	 35.2512	 457.0482	 65.2616
2010	12	04	0.0000	 0.6884	 0.0000	 0.1921	 0.0000	 35.0502	 456.5550	 65.0753
2010	12	05	0.0000	 0.6188	 0.0000	 0.1912	 0.0000	 34.8748	 456.1061	 64.8897
2010	12	06	23.3500	 0.5304	 2.2652	 0.1903	 0.0000	 42.5626	 468.9460	 64.7074
2010	12	07	7.7800	 2.9671	 0.4778	 0.1894	 0.0000	 40.6974	 475.1282	 64.5362
2010	12	08	0.0000	 0.9462	 0.0000	 0.1885	 0.0000	 38.7882	 476.0880	 64.3695
2010	12	09	15.5700	 0.7433	 1.6219	 0.1877	 0.0000	 42.0584	 485.9747	 64.2110
2010	12	10	23.3500	 6.9819	 1.7627	 0.1870	 0.0000	 42.1120	 500.4614	 64.0892
2010	12	11	0.0000	 1.1827	 0.0000	 0.1865	 0.0000	 38.9456	 502.3590	 64.0075
2010	12	12	0.0000	 1.2166	 0.0000	 0.1861	 0.0000	 38.1429	 501.8370	 63.9295
2010	12	13	0.0000	 1.1496	 0.0000	 0.1857	 0.0000	 37.6304	 501.0937	 63.8499
2010	12	14	0.0000	 1.1799	 0.0000	 0.1853	 0.0000	 37.2305	 500.2107	 63.7677
2010	12	15	0.0000	 1.2604	 0.0000	 0.1849	 0.0000	 36.8860	 499.1952	 63.6824
2010	12	16	0.0000	 1.2116	 0.0000	 0.1844	 0.0000	 36.5861	 498.1877	 63.5938
2010	12	17	0.0000	 1.1745	 0.0000	 0.1840	 0.0000	 36.3146	 497.1925	 63.5020
2010	12	18	0.0000	 1.1946	 0.0000	 0.1835	 0.0000	 36.0622	 496.1618	 63.4070
2010	12	19	0.0000	 1.2750	 0.0000	 0.1830	 0.0000	 35.8186	 495.0453	 63.3090
2010	12	20	10.9700	 0.8376	 1.2017	 0.1825	 0.0000	 41.6058	 498.0823	 63.2145
2010	12	21	7.6200	 3.9908	 0.3912	 0.1821	 0.0000	 40.3740	 502.4318	 63.1526
2010	12	22	7.6200	 4.1971	 0.3714	 0.1818	 0.0000	 40.2562	 505.4645	 63.1075
2010	12	23	7.6200	 4.0954	 0.3886	 0.1817	 0.0000	 40.2794	 508.4277	 63.0754
2010	12	24	22.8500	 4.5064	 2.1522	 0.1816	 0.0000	 42.2427	 522.4414	 63.1083
2010	12	25	15.2300	 5.2473	 1.2146	 0.1822	 0.0000	 41.5042	 531.5502	 63.3239
2010	12	26	10.6500	 4.8567	 0.7142	 0.1836	 0.0000	 40.8579	 536.7550	 63.6609
2010	12	27	0.0000	 1.5716	 0.0000	 0.1854	 0.0000	 38.8144	 536.6965	 64.0245
2010	12	28	0.0000	 1.8098	 0.0000	 0.1871	 0.0000	 38.0559	 535.1412	 64.3413
2010	12	29	0.0000	 1.6918	 0.0000	 0.1886	 0.0000	 37.5569	 533.4949	 64.6062
2010	12	30	0.0000	 1.5583	 0.0000	 0.1898	 0.0000	 37.1741	 531.9103	 64.8256
2010	12	31	0.0000	 1.4529	 0.0000	 0.1908	 0.0000	 36.8577	 530.4024	 65.0062
