2010	01	01	0.0000	 1.4124	 0.0000	 1.9701	 0.0000	 43.8517	 701.4256	 140.2851
2010	01	02	20.9200	 1.2467	 17.5196	 1.9701	 0.0000	 44.0174	 701.4256	 140.2851
2010	01	03	5.2300	 2.9528	 0.9202	 1.9701	 0.0000	 43.4044	 701.4256	 140.2851
2010	01	04	20.9200	 3.9527	 13.1375	 1.9701	 0.0000	 45.2641	 701.4256	 140.2851
2010	01	05	10.4600	 4.2238	 4.2661	 1.9701	 0.0000	 45.2641	 701.4256	 140.2851
2010	01	06	29.0300	 4.1737	 22.8862	 1.9701	 0.0000	 45.2641	 701.4256	 140.2851
2010	01	07	13.2700	 3.8029	 7.4970	 1.9701	 0.0000	 45.2641	 701.4256	 140.2851
2010	01	08	17.4200	 4.1717	 11.2782	 1.9701	 0.0000	 45.2641	 701.4256	 140.2851
2010	01	09	0.0000	 3.1841	 0.0000	 1.9701	 0.0000	 40.4567	 701.0966	 140.2851
2010	01	10	5.8100	 2.1337	 2.1158	 1.9701	 0.0000	 40.9450	 700.1809	 140.2851
2010	01	11	0.0000	 2.4478	 0.0000	 1.9701	 0.0000	 38.8876	 697.8382	 140.2851
2010	01	12	20.6300	 1.5002	 9.0946	 1.9701	 0.0000	 43.3476	 701.4256	 140.2851
2010	01	13	0.0000	 1.6250	 0.0000	 1.9701	 0.0000	 40.2868	 700.9091	 140.2851
2010	01	14	0.0000	 1.9714	 0.0000	 1.9701	 0.0000	 38.6899	 698.5646	 140.2851
2010	01	15	10.3100	 1.4866	 3.5348	 1.9701	 0.0000	 41.7284	 698.8266	 140.2851
2010	01	16	0.0000	 2.3207	 0.0000	 1.9701	 0.0000	 39.1976	 697.0845	 140.2851
2010	01	17	0.0000	 2.2021	 0.0000	 1.9701	 0.0000	 38.2051	 693.9048	 140.2851
2010	01	18	0.0000	 1.9656	 0.0000	 1.9701	 0.0000	 37.6513	 690.5229	 140.2851
2010	01	19	0.0000	 2.0095	 0.0000	 1.9701	 0.0000	 37.2306	 686.9640	 140.2851
2010	01	20	0.0000	 2.3062	 0.0000	 1.9701	 0.0000	 36.8544	 683.0640	 140.2851
2010	01	21	0.0000	 2.0911	 0.0000	 1.9701	 0.0000	 36.5413	 679.3158	 140.2851
2010	01	22	0.0000	 2.0030	 0.0000	 1.9701	 0.0000	 36.2639	 675.6201	 140.2851
2010	01	23	19.3900	 2.0023	 5.0142	 1.9701	 0.0000	 42.0928	 680.1767	 140.2851
2010	01	24	0.0000	 3.2809	 0.0000	 1.9701	 0.0000	 38.8845	 678.1519	 140.2851
2010	01	25	0.0000	 2.9233	 0.0000	 1.9701	 0.0000	 38.0330	 674.1100	 140.2851
2010	01	26	0.0000	 2.7854	 0.0000	 1.9701	 0.0000	 37.4710	 669.9165	 140.2851
2010	01	27	14.4000	 2.0880	 3.5374	 1.9701	 0.0000	 41.7505	 672.4237	 140.2851
2010	01	28	14.4000	 4.2179	 2.6125	 1.9701	 0.0000	 41.3354	 678.4383	 140.2851
2010	01	29	0.0000	 2.4565	 0.0000	 1.9701	 0.0000	 38.8512	 676.5137	 140.2851
2010	01	30	0.0000	 2.5837	 0.0000	 1.9701	 0.0000	 38.0377	 672.7734	 140.2851
2010	01	31	0.0000	 2.9541	 0.0000	 1.9701	 0.0000	 37.4618	 668.4251	 140.2851
2010	02	01	0.0000	 3.6891	 0.0000	 1.9701	 0.0000	 36.9493	 663.2785	 140.2851
2010	02	02	0.0000	 2.9649	 0.0000	 1.9701	 0.0000	 36.5576	 658.7351	 140.2851
2010	02	03	9.1100	 1.6372	 2.0237	 1.9701	 0.0000	 41.1230	 657.6289	 140.2851
2010	02	04	18.2200	 3.2007	 3.4896	 1.9701	 0.0000	 41.8366	 666.4749	 140.2851
2010	02	05	9.1100	 3.7421	 1.2897	 1.9701	 0.0000	 40.6288	 669.7907	 140.2851
2010	02	06	3.5000	 3.7291	 0.0000	 1.9701	 0.0000	 38.8609	 669.3792	 140.2851
2010	02	07	7.0000	 1.2304	 1.7085	 1.9701	 0.0000	 40.8509	 669.4604	 140.2851
2010	02	08	0.0000	 1.7724	 0.0000	 1.9701	 0.0000	 38.8171	 667.7714	 140.2851
2010	02	09	0.0000	 1.9513	 0.0000	 1.9701	 0.0000	 38.0642	 664.6029	 140.2851
2010	02	10	0.0000	 1.9698	 0.0000	 1.9701	 0.0000	 37.5610	 661.1662	 140.2851
2010	02	11	0.0000	 1.9814	 0.0000	 1.9701	 0.0000	 37.1660	 657.6097	 140.2851
2010	02	12	0.0000	 2.0033	 0.0000	 1.9701	 0.0000	 36.8293	 653.9730	 140.2851
2010	02	13	0.0000	 2.0315	 0.0000	 1.9701	 0.0000	 36.5276	 650.2730	 140.2851
2010	02	14	0.0000	 2.1376	 0.0000	 1.9701	 0.0000	 36.2412	 646.4518	 140.2851
2010	02	15	0.0000	 2.5337	 0.0000	 1.9701	 0.0000	 35.9434	 642.2458	 140.2851
2010	02	16	0.0000	 2.4617	 0.0000	 1.9701	 0.0000	 35.6752	 638.0822	 140.2851
2010	02	17	7.6100	 1.6069	 1.4909	 1.9701	 0.0000	 40.5573	 635.7224	 140.2851
2010	02	18	11.4100	 3.9103	 1.4787	 1.9701	 0.0000	 41.0645	 639.2661	 140.2851
2010	02	19	7.6100	 3.9640	 0.7183	 1.9701	 0.0000	 40.2678	 641.0204	 140.2851
2010	02	20	0.0000	 2.2023	 0.0000	 1.9701	 0.0000	 38.6623	 638.4733	 140.2851
2010	02	21	0.0000	 2.0904	 0.0000	 1.9701	 0.0000	 37.9619	 635.1131	 140.2851
2010	02	22	14.3700	 1.0686	 2.8597	 1.9701	 0.0000	 41.8272	 639.6996	 140.2851
2010	02	23	9.5800	 4.4537	 1.0242	 1.9701	 0.0000	 40.6275	 643.0314	 140.2851
2010	02	24	0.0000	 1.7260	 0.0000	 1.9701	 0.0000	 38.7749	 641.2077	 140.2851
2010	02	25	0.0000	 2.0148	 0.0000	 1.9701	 0.0000	 38.0353	 637.9624	 140.2851
2010	02	26	0.0000	 2.1714	 0.0000	 1.9701	 0.0000	 37.5230	 634.3331	 140.2851
2010	02	27	1.9900	 1.8714	 0.3801	 1.9701	 0.0000	 38.5321	 631.0727	 140.2851
2010	02	28	0.0000	 2.5988	 0.0000	 1.9701	 0.0000	 37.8373	 627.2183	 140.2851
2010	03	01	5.6000	 1.4543	 1.0484	 1.9701	 0.0000	 40.4968	 625.6665	 140.2851
2010	03	02	22.4000	 3.7821	 3.6120	 1.9701	 0.0000	 42.1508	 637.0483	 140.2851
2010	03	03	5.6000	 4.2476	 0.2457	 1.9701	 0.0000	 39.5765	 638.7592	 140.2851
2010	03	04	5.6000	 4.6713	 0.1647	 1.9701	 0.0000	 39.0419	 638.0921	 140.2851
2010	03	05	11.2000	 3.7155	 1.6133	 1.9701	 0.0000	 41.0074	 640.0233	 140.2851
2010	03	06	10.2200	 5.7852	 0.8750	 1.9701	 0.0000	 40.4534	 642.1670	 140.2851
2010	03	07	0.0000	 1.7016	 0.0000	 1.9701	 0.0000	 38.7345	 640.2338	 140.2851
2010	03	08	5.1100	 1.4988	 1.0361	 1.9701	 0.0000	 40.4608	 639.0929	 140.2851
2010	03	09	0.0000	 2.0524	 0.0000	 1.9701	 0.0000	 38.7217	 636.8291	 140.2851
2010	03	10	0.0000	 2.4168	 0.0000	 1.9701	 0.0000	 37.9721	 633.1919	 140.2851
2010	03	11	0.0000	 2.4124	 0.0000	 1.9701	 0.0000	 37.4550	 629.3264	 140.2851
2010	03	12	0.0000	 2.4912	 0.0000	 1.9701	 0.0000	 37.0338	 625.2863	 140.2851
2010	03	13	0.0000	 2.1568	 0.0000	 1.9701	 0.0000	 36.6978	 621.4954	 140.2851
2010	03	14	0.0000	 2.2524	 0.0000	 1.9701	 0.0000	 36.3864	 617.5843	 140.2851
2010	03	15	0.0000	 2.0921	 0.0000	 1.9539	 0.0000	 36.1150	 613.9188	 140.1761
2010	03	16	0.0000	 2.1778	 0.0000	 1.8658	 0.0000	 35.8572	 610.3895	 139.9195
2010	03	17	0.0000	 2.1009	 0.0000	 1.7430	 0.0000	 35.6236	 607.0857	 139.6131
2010	03	18	0.0000	 2.0484	 0.0000	 1.6220	 0.0000	 35.4084	 603.9434	 139.3001
2010	03	19	0.0000	 1.7707	 0.0000	 1.5157	 0.0000	 35.2275	 601.1379	 139.0000
2010	03	20	0.0000	 1.6087	 0.0000	 1.4275	 0.0000	 35.0680	 598.5415	 138.7198
2010	03	21	0.0000	 1.8572	 0.0000	 1.3556	 0.0000	 34.8955	 595.7666	 138.4543
2010	03	22	0.0000	 2.3448	 0.0000	 1.2963	 0.0000	 34.6933	 592.5878	 138.1944
2010	03	23	0.0000	 1.8868	 0.0000	 1.2472	 0.0000	 34.5333	 589.8684	 137.9397
2010	03	24	13.3100	 1.2308	 2.1043	 1.2086	 0.0000	 41.7729	 591.6130	 137.7022
2010	03	25	19.9600	 4.8448	 2.4729	 1.1856	 0.0000	 41.9429	 602.9829	 137.6190
2010	03	26	0.0000	 1.8079	 0.0000	 1.1880	 0.0000	 38.9380	 602.9278	 137.7028
2010	03	27	8.8300	 1.1802	 1.4962	 1.1966	 0.0000	 41.2787	 605.4476	 137.7796
2010	03	28	26.4800	 4.9601	 3.8158	 1.2258	 0.0000	 42.3495	 620.3826	 138.2522
2010	03	29	0.0000	 1.5061	 0.0000	 1.3918	 0.0000	 38.9731	 619.9799	 139.1529
2010	03	30	0.0000	 1.4956	 0.0000	 1.6014	 0.0000	 38.1864	 617.2181	 139.6044
2010	03	31	0.0000	 1.5677	 0.0000	 1.7049	 0.0000	 37.6835	 614.3329	 139.7200
2010	04	01	0.0000	 1.5571	 0.0000	 1.7105	 0.0000	 37.3028	 611.5207	 139.6453
2010	04	02	0.0000	 1.6830	 0.0000	 1.6610	 0.0000	 36.9769	 608.6754	 139.4726
2010	04	03	0.0000	 1.7057	 0.0000	 1.5883	 0.0000	 36.6907	 605.8872	 139.2530
2010	04	04	0.0000	 1.6883	 0.0000	 1.5107	 0.0000	 36.4341	 603.1823	 139.0155
2010	04	05	2.5900	 1.3558	 0.4279	 1.4381	 0.0000	 38.2225	 600.9793	 138.7800
2010	04	06	0.0000	 1.7926	 0.0000	 1.3752	 0.0000	 37.6854	 598.5949	 138.5519
2010	04	07	0.0000	 1.8624	 0.0000	 1.3207	 0.0000	 37.2738	 596.0504	 138.3249
2010	04	08	0.0000	 1.8281	 0.0000	 1.2735	 0.0000	 36.9359	 593.5128	 138.0988
2010	04	09	0.0000	 1.6969	 0.0000	 1.2337	 0.0000	 36.6523	 591.0899	 137.8747
2010	04	10	0.0000	 1.7321	 0.0000	 1.2013	 0.0000	 36.3928	 588.6391	 137.6516
2010	04	11	9.2200	 1.4406	 1.4491	 1.1759	 0.0000	 41.2759	 589.1094	 137.4345
2010	04	12	0.0000	 1.7630	 0.0000	 1.1589	 0.0000	 38.8809	 588.7867	 137.2486
2010	04	13	0.0000	 1.7104	 0.0000	 1.1482	 0.0000	 38.1202	 586.8794	 137.0580
2010	04	14	0.0000	 1.6478	 0.0000	 1.1422	 0.0000	 37.6298	 584.7840	 136.8538
2010	04	15	0.0000	 1.6802	 0.0000	 1.1403	 0.0000	 37.2496	 582.5649	 136.6327
2010	04	16	0.0000	 1.6258	 0.0000	 1.1376	 0.0000	 36.9368	 580.3615	 136.3854
2010	04	17	0.0000	 1.6531	 0.0000	 1.1261	 0.0000	 36.6603	 578.1398	 136.1043
2010	04	18	0.0000	 1.8577	 0.0000	 1.1085	 0.0000	 36.3917	 575.7449	 135.8017
2010	04	19	8.4400	 1.5985	 1.2499	 1.0896	 0.0000	 41.1327	 575.7971	 135.4924
2010	04	20	0.0000	 1.9212	 0.0000	 1.0768	 0.0000	 38.8538	 575.3806	 135.2081
2010	04	21	0.0000	 1.7421	 0.0000	 1.0676	 0.0000	 38.1019	 573.6162	 134.9147
2010	04	22	0.0000	 1.7791	 0.0000	 1.0568	 0.0000	 37.6058	 571.5821	 134.6089
2010	04	23	0.0000	 1.7158	 0.0000	 1.0451	 0.0000	 37.2269	 569.5156	 134.2933
2010	04	24	6.3600	 1.4021	 0.9159	 1.0336	 0.0000	 40.7204	 569.3301	 133.9756
2010	04	25	0.0000	 1.6982	 0.0000	 1.0249	 0.0000	 38.7983	 568.8507	 133.6723
2010	04	26	0.0000	 1.6260	 0.0000	 1.0182	 0.0000	 38.0790	 567.2323	 133.3657
2010	04	27	0.0000	 1.4753	 0.0000	 1.0112	 0.0000	 37.6145	 565.5230	 133.0531
2010	04	28	0.0000	 1.4664	 0.0000	 1.0038	 0.0000	 37.2562	 563.7287	 132.7354
2010	04	29	0.0000	 1.4981	 0.0000	 0.9965	 0.0000	 36.9546	 561.8578	 132.4134
2010	04	30	6.8600	 1.2334	 0.9559	 0.9893	 0.0000	 40.8373	 561.9602	 132.0914
2010	05	01	0.0000	 1.4322	 0.0001	 0.9839	 0.0000	 38.8326	 561.8754	 131.7829
2010	05	02	12.9900	 1.3028	 1.8444	 0.9803	 0.0000	 41.7878	 568.0523	 131.4957
2010	05	03	0.0000	 1.5586	 0.0000	 0.9823	 0.0000	 38.9416	 568.6134	 131.2575
2010	05	04	2.4800	 1.2420	 0.3531	 0.9864	 0.0000	 39.6243	 568.0585	 131.0105
2010	05	05	0.0000	 1.5635	 0.0000	 0.9890	 0.0000	 38.4916	 566.9118	 130.7551
2010	05	06	0.0000	 1.5549	 0.0000	 0.9894	 0.0000	 37.8956	 565.2325	 130.4861
2010	05	07	5.0000	 1.2543	 0.7042	 0.9876	 0.0000	 40.4143	 565.0273	 130.2089
2010	05	08	0.0000	 1.5764	 0.0000	 0.9856	 0.0000	 38.7399	 564.4294	 129.9368
2010	05	09	0.0000	 1.6747	 0.0000	 0.9834	 0.0000	 38.0419	 562.7488	 129.6573
2010	05	10	0.0000	 1.8328	 0.0000	 0.9797	 0.0000	 37.5589	 560.7089	 129.3678
2010	05	11	0.0000	 1.7620	 0.0000	 0.9747	 0.0000	 37.1866	 558.6425	 129.0697
2010	05	12	0.0000	 1.5885	 0.0000	 0.9691	 0.0000	 36.8866	 556.6889	 128.7656
2010	05	13	0.0000	 1.5362	 0.0000	 0.9632	 0.0000	 36.6260	 554.7584	 128.4574
2010	05	14	0.0000	 1.4739	 0.0000	 0.9573	 0.0000	 36.3941	 552.8730	 128.1434
2010	05	15	0.0000	 1.4859	 0.0000	 0.9396	 0.0000	 36.1779	 551.0339	 127.7732
2010	05	16	0.0000	 1.4826	 0.0000	 0.8982	 0.0000	 35.9763	 549.2653	 127.3626
2010	05	17	0.0000	 1.4349	 0.0000	 0.8484	 0.0000	 35.7905	 547.5935	 126.9370
2010	05	18	0.0000	 1.3496	 0.0000	 0.8000	 0.0000	 35.6213	 546.0381	 126.5120
2010	05	19	0.0000	 1.4062	 0.0000	 0.7546	 0.0000	 35.4544	 544.4780	 126.0782
2010	05	20	0.0000	 1.4005	 0.0000	 0.7127	 0.0000	 35.2944	 542.9569	 125.6462
2010	05	21	0.0000	 1.4014	 0.0000	 0.6764	 0.0000	 35.1395	 541.4632	 125.2170
2010	05	22	0.0000	 1.3681	 0.0000	 0.6456	 0.0000	 34.9921	 540.0217	 124.7922
2010	05	23	0.0000	 1.2954	 0.0000	 0.6200	 0.0000	 34.8550	 538.6623	 124.3733
2010	05	24	0.0000	 1.4041	 0.0000	 0.5971	 0.0000	 34.7118	 537.2333	 123.9444
2010	05	25	6.1300	 1.1560	 0.7661	 0.5772	 0.0000	 39.5476	 536.4283	 123.5264
2010	05	26	0.0000	 1.3886	 0.0000	 0.5618	 0.0000	 38.4350	 536.0137	 123.1210
2010	05	27	0.0000	 1.3504	 0.0000	 0.5500	 0.0000	 37.8560	 535.0885	 122.7249
2010	05	28	6.7000	 1.1359	 0.8418	 0.5407	 0.0000	 40.9336	 536.5540	 122.3457
2010	05	29	0.0000	 1.3717	 0.0000	 0.5348	 0.0000	 38.8464	 537.0991	 121.9990
2010	05	30	0.0000	 1.3782	 0.0000	 0.5306	 0.0000	 38.1153	 536.2663	 121.6541
2010	05	31	0.0000	 1.5296	 0.0000	 0.5259	 0.0000	 37.6252	 535.0669	 121.2880
2010	06	01	0.0000	 1.5370	 0.0000	 0.5208	 0.0000	 37.2459	 533.7640	 120.9124
2010	06	02	0.0000	 1.4014	 0.0000	 0.5164	 0.0000	 36.9405	 532.5303	 120.5337
2010	06	03	0.0000	 1.1916	 0.0000	 0.5130	 0.0000	 36.6927	 531.4495	 120.1578
2010	06	04	0.0000	 1.2214	 0.0000	 0.5106	 0.0000	 36.4654	 530.3358	 119.7668
2010	06	05	0.0000	 1.2821	 0.0000	 0.5084	 0.0000	 36.2488	 529.1710	 119.3576
2010	06	06	0.0000	 1.2843	 0.0000	 0.5061	 0.0000	 36.0469	 528.0024	 118.9378
2010	06	07	0.0000	 1.2450	 0.0000	 0.5038	 0.0000	 35.8607	 526.8652	 118.5124
2010	06	08	0.0000	 1.2373	 0.0000	 0.5014	 0.0000	 35.6844	 525.7367	 118.0785
2010	06	09	0.0000	 1.2303	 0.0000	 0.4990	 0.0000	 35.5168	 524.6164	 117.6371
2010	06	10	0.0000	 1.2140	 0.0000	 0.4966	 0.0000	 35.3576	 523.5135	 117.1886
2010	06	11	0.0000	 1.3349	 0.0000	 0.4941	 0.0000	 35.1921	 522.3169	 116.7218
2010	06	12	0.0000	 1.4062	 0.0000	 0.4915	 0.0000	 35.0249	 521.0624	 116.2458
2010	06	13	0.0000	 1.2974	 0.0000	 0.4889	 0.0000	 34.8728	 519.9000	 115.7741
2010	06	14	0.0000	 1.2101	 0.0000	 0.4863	 0.0000	 34.7330	 518.8172	 115.3003
2010	06	15	0.0000	 1.1752	 0.0000	 0.4837	 0.0000	 34.5998	 517.7679	 114.8238
2010	06	16	0.0000	 1.1618	 0.0000	 0.4810	 0.0000	 34.4708	 516.7333	 114.3446
2010	06	17	0.0000	 1.1246	 0.0000	 0.4784	 0.0000	 34.3476	 515.7310	 113.8670
2010	06	18	0.0000	 1.0417	 0.0000	 0.4758	 0.0000	 34.2345	 514.7995	 113.3941
2010	06	19	0.0000	 1.0567	 0.0000	 0.4732	 0.0000	 34.1217	 513.8570	 112.9194
2010	06	20	0.0000	 1.1773	 0.0000	 0.4706	 0.0000	 33.9996	 512.8193	 112.4314
2010	06	21	0.0000	 1.2012	 0.0000	 0.4679	 0.0000	 33.8768	 511.7653	 111.9392
2010	06	22	0.0000	 1.1087	 0.0000	 0.4652	 0.0000	 33.7647	 510.7949	 111.4478
2010	06	23	0.0000	 1.0638	 0.0000	 0.4625	 0.0000	 33.6584	 509.8647	 110.9581
2010	06	24	0.0000	 1.0934	 0.0000	 0.4598	 0.0000	 33.5508	 508.9144	 110.4627
2010	06	25	0.0000	 1.0943	 0.0000	 0.4571	 0.0000	 33.4445	 507.9658	 109.9662
2010	06	26	0.0000	 1.1306	 0.0000	 0.4543	 0.0000	 33.3367	 506.9939	 109.4611
2010	06	27	0.0000	 1.1334	 0.0000	 0.4515	 0.0000	 33.2301	 506.0245	 108.9522
2010	06	28	0.0000	 1.0956	 0.0000	 0.4487	 0.0000	 33.1281	 505.0874	 108.4469
2010	06	29	0.0000	 1.0691	 0.0000	 0.4460	 0.0000	 33.0295	 504.1737	 107.9441
2010	06	30	0.0000	 1.0396	 0.0000	 0.4432	 0.0000	 32.9349	 503.2881	 107.4415
2010	07	01	0.0000	 0.9968	 0.0000	 0.4405	 0.0000	 32.8449	 502.4371	 106.9453
2010	07	02	0.0000	 0.9928	 0.0000	 0.4377	 0.0000	 32.7561	 501.5908	 106.4499
2010	07	03	0.0000	 0.9629	 0.0000	 0.4350	 0.0000	 32.6706	 500.7693	 105.9590
2010	07	04	0.0000	 0.9516	 0.0000	 0.4323	 0.0000	 32.5869	 499.9589	 105.4690
2010	07	05	0.0000	 0.9111	 0.0000	 0.4297	 0.0000	 32.5075	 499.1822	 104.9845
2010	07	06	0.0000	 0.9600	 0.0000	 0.4270	 0.0000	 32.4250	 498.3702	 104.4920
2010	07	07	0.0000	 0.9592	 0.0000	 0.4243	 0.0000	 32.3437	 497.5623	 103.9978
2010	07	08	0.0000	 0.9510	 0.0000	 0.4216	 0.0000	 32.2638	 496.7630	 103.5043
2010	07	09	0.0000	 0.9394	 0.0000	 0.4189	 0.0000	 32.1858	 495.9745	 103.0127
2010	07	10	0.0000	 0.9716	 0.0000	 0.4161	 0.0000	 32.1059	 495.1618	 102.5176
2010	07	11	0.0000	 0.9756	 0.0000	 0.4134	 0.0000	 32.0265	 494.3480	 102.0217
2010	07	12	0.0000	 0.9433	 0.0000	 0.4107	 0.0000	 31.9509	 493.5639	 101.5274
2010	07	13	0.0000	 0.9206	 0.0000	 0.4080	 0.0000	 31.8779	 492.8002	 101.0355
2010	07	14	0.0000	 0.9183	 0.0000	 0.4053	 0.0000	 31.8057	 492.0386	 100.5457
2010	07	15	0.0000	 0.9322	 0.0000	 0.4026	 0.0000	 31.7330	 491.2664	 100.0557
2010	07	16	0.0000	 0.9192	 0.0000	 0.3999	 0.0000	 31.6622	 490.5071	 99.5668
2010	07	17	0.0000	 0.8791	 0.0000	 0.3972	 0.0000	 31.5952	 489.7825	 99.0820
2010	07	18	0.0000	 0.8554	 0.0000	 0.3946	 0.0000	 31.5305	 489.0761	 98.6031
2010	07	19	0.0000	 0.8773	 0.0000	 0.3920	 0.0000	 31.4642	 488.3488	 98.1274
2010	07	20	0.0000	 0.8768	 0.0000	 0.3894	 0.0000	 31.3983	 487.6202	 97.6557
2010	07	21	0.0000	 0.8494	 0.0000	 0.3868	 0.0000	 31.3352	 486.9139	 97.1889
2010	07	22	0.0000	 0.8603	 0.0000	 0.3842	 0.0000	 31.2714	 486.1967	 96.7253
2010	07	23	0.0000	 0.8392	 0.0000	 0.3817	 0.0000	 31.2099	 485.4960	 96.2667
2010	07	24	0.0000	 0.8049	 0.0000	 0.3792	 0.0000	 31.1514	 484.8234	 95.8137
2010	07	25	0.0000	 0.7902	 0.0000	 0.3767	 0.0000	 31.0944	 484.1617	 95.3655
2010	07	26	0.0000	 0.7771	 0.0000	 0.3743	 0.0000	 31.0387	 483.5097	 94.9217
2010	07	27	0.0000	 0.7573	 0.0000	 0.3719	 0.0000	 30.9848	 482.8723	 94.4839
2010	07	28	0.0000	 0.7969	 0.0000	 0.3695	 0.0000	 30.9281	 482.1992	 94.0473
2010	07	29	0.0000	 0.7979	 0.0000	 0.3671	 0.0000	 30.8717	 481.5237	 93.6143
2010	07	30	0.0000	 0.7583	 0.0000	 0.3647	 0.0000	 30.8187	 480.8817	 93.1863
2010	07	31	0.0000	 0.7360	 0.0000	 0.3624	 0.0000	 30.7676	 480.2571	 92.7635
2010	08	01	0.0000	 0.6956	 0.0000	 0.3601	 0.0000	 30.7193	 479.6583	 92.3550
2010	08	02	0.0000	 0.6898	 0.0000	 0.3579	 0.0000	 30.6715	 479.0623	 91.9512
2010	08	03	0.0000	 0.6919	 0.0000	 0.3556	 0.0000	 30.6239	 478.4631	 91.5505
2010	08	04	0.0000	 0.6836	 0.0000	 0.3535	 0.0000	 30.5772	 477.8702	 91.1530
2010	08	05	0.0000	 0.6667	 0.0000	 0.3513	 0.0000	 30.5320	 477.2910	 90.7594
2010	08	06	0.0000	 0.6614	 0.0000	 0.3491	 0.0000	 30.4874	 476.7147	 90.3698
2010	08	07	0.0000	 0.6632	 0.0000	 0.3470	 0.0000	 30.4429	 476.1353	 89.9836
2010	08	08	0.0000	 0.6634	 0.0000	 0.3449	 0.0000	 30.3986	 475.5540	 89.6008
2010	08	09	0.0000	 0.6551	 0.0000	 0.3428	 0.0000	 30.3551	 474.9787	 89.2216
2010	08	10	0.0000	 0.6237	 0.0000	 0.3407	 0.0000	 30.3142	 474.4301	 88.8468
2010	08	11	0.0000	 0.6128	 0.0000	 0.3387	 0.0000	 30.2742	 473.8898	 88.4757
2010	08	12	0.0000	 0.6150	 0.0000	 0.3366	 0.0000	 30.2342	 473.3459	 88.1078
2010	08	13	0.0000	 0.6169	 0.0000	 0.3346	 0.0000	 30.1943	 472.7987	 87.7435
2010	08	14	0.0000	 0.5937	 0.0000	 0.3326	 0.0000	 30.1549	 472.2797	 87.3756
2010	08	15	0.0000	 0.5649	 0.0000	 0.3306	 0.0000	 30.1159	 471.7909	 87.0079
2010	08	16	0.0000	 0.5896	 0.0000	 0.3286	 0.0000	 30.0789	 471.2676	 86.6499
2010	08	17	0.0000	 0.5717	 0.0000	 0.3267	 0.0000	 30.0429	 470.7548	 86.3003
2010	08	18	0.0000	 0.5875	 0.0000	 0.3247	 0.0000	 30.0062	 470.2287	 85.9509
2010	08	19	0.0000	 0.6127	 0.0000	 0.3228	 0.0000	 29.9683	 469.6818	 85.6002
2010	08	20	0.0000	 0.5766	 0.0000	 0.3209	 0.0000	 29.9332	 469.1694	 85.2503
2010	08	21	0.0000	 0.5664	 0.0000	 0.3190	 0.0000	 29.8985	 468.6670	 84.9019
2010	08	22	0.0000	 0.5762	 0.0000	 0.3171	 0.0000	 29.8602	 468.1647	 84.5493
2010	08	23	0.0000	 0.5507	 0.0000	 0.3151	 0.0000	 29.8217	 467.6907	 84.1960
2010	08	24	0.0000	 0.5633	 0.0000	 0.3132	 0.0000	 29.7842	 467.1999	 83.8478
2010	08	25	0.0000	 0.5586	 0.0000	 0.3113	 0.0000	 29.7480	 466.7104	 83.5037
2010	08	26	0.0000	 0.5215	 0.0000	 0.3094	 0.0000	 29.7141	 466.2543	 83.1628
2010	08	27	0.0000	 0.5261	 0.0000	 0.3075	 0.0000	 29.6772	 465.8024	 82.8180
2010	08	28	0.0000	 0.5228	 0.0000	 0.3056	 0.0000	 29.6399	 465.3552	 82.4739
2010	08	29	0.0000	 0.5009	 0.0000	 0.3038	 0.0000	 29.6066	 464.9200	 82.1378
2010	08	30	0.0000	 0.5011	 0.0000	 0.3019	 0.0000	 29.5744	 464.4808	 81.8062
2010	08	31	0.0000	 0.5008	 0.0000	 0.3001	 0.0000	 29.5423	 464.0421	 81.4761
2010	09	01	0.0000	 0.5195	 0.0000	 0.2983	 0.0000	 29.5093	 463.5873	 81.1461
2010	09	02	0.0000	 0.5079	 0.0000	 0.2965	 0.0000	 29.4756	 463.1474	 80.8153
2010	09	03	0.0000	 0.4965	 0.0000	 0.2947	 0.0000	 29.4419	 462.7204	 80.4849
2010	09	04	0.0000	 0.4932	 0.0000	 0.2929	 0.0000	 29.4062	 462.3023	 80.1525
2010	09	05	0.0000	 0.4851	 0.0000	 0.2910	 0.0000	 29.3698	 461.8947	 79.8204
2010	09	06	0.0000	 0.4379	 0.0000	 0.2893	 0.0000	 29.3327	 461.4841	 79.5409
2010	09	07	0.0000	 0.4669	 0.0000	 0.2878	 0.0000	 29.2943	 461.0460	 79.2627
2010	09	08	0.0000	 0.4652	 0.0000	 0.2863	 0.0000	 29.2522	 460.6134	 78.9858
2010	09	09	0.0000	 0.4918	 0.0000	 0.2848	 0.0000	 29.2071	 460.1575	 78.7102
2010	09	10	0.0000	 0.4392	 0.0000	 0.2833	 0.0000	 29.1666	 459.7497	 78.4360
2010	09	11	0.0000	 0.4097	 0.0000	 0.2818	 0.0000	 29.1326	 459.3652	 78.1630
2010	09	12	0.0000	 0.4090	 0.0000	 0.2803	 0.0000	 29.1003	 458.9800	 77.8914
2010	09	13	0.0000	 0.4091	 0.0000	 0.2788	 0.0000	 29.0671	 458.5957	 77.6211
2010	09	14	0.0000	 0.4148	 0.0000	 0.2773	 0.0000	 29.0328	 458.2068	 77.3520
2010	09	15	0.0000	 0.4149	 0.0000	 0.2758	 0.0000	 28.9968	 457.8199	 77.0842
2010	09	16	0.0000	 0.4094	 0.0000	 0.2743	 0.0000	 28.9608	 457.4386	 76.8177
2010	09	17	0.0000	 0.3996	 0.0000	 0.2729	 0.0000	 28.9268	 457.0653	 76.5525
2010	09	18	0.0000	 0.3985	 0.0000	 0.2714	 0.0000	 28.8919	 456.6943	 76.2886
2010	09	19	0.0000	 0.4159	 0.0000	 0.2700	 0.0000	 28.8553	 456.3076	 76.0260
2010	09	20	0.0000	 0.3970	 0.0000	 0.2686	 0.0000	 28.8424	 455.9162	 75.7646
2010	09	21	0.0000	 0.3748	 0.0000	 0.2671	 0.0000	 28.8318	 455.5450	 75.5046
2010	09	22	0.0000	 0.3550	 0.0000	 0.2657	 0.0000	 28.8216	 455.1935	 75.2457
2010	09	23	0.0000	 0.3474	 0.0000	 0.2643	 0.0000	 28.8114	 454.8495	 74.9882
2010	09	24	0.0000	 0.3659	 0.0000	 0.2629	 0.0000	 28.8010	 454.4874	 74.7319
2010	09	25	0.0000	 0.3812	 0.0000	 0.2615	 0.0000	 28.7905	 454.1103	 74.4769
2010	09	26	0.0000	 0.3954	 0.0000	 0.2601	 0.0000	 28.7799	 453.7192	 74.2231
2010	09	27	0.0000	 0.3784	 0.0000	 0.2587	 0.0000	 28.7693	 453.3453	 73.9707
2010	09	28	0.0000	 0.3475	 0.0000	 0.2573	 0.0000	 28.7593	 453.0017	 73.7195
2010	09	29	0.0000	 0.3402	 0.0000	 0.2559	 0.0000	 28.7494	 452.6655	 73.4695
2010	09	30	0.0000	 0.3522	 0.0000	 0.2545	 0.0000	 28.7393	 452.3175	 73.2208
2010	10	01	0.0000	 0.3677	 0.0000	 0.2532	 0.0000	 28.7289	 451.9546	 72.9733
2010	10	02	0.0000	 0.3812	 0.0000	 0.2518	 0.0000	 28.7183	 451.5783	 72.7270
2010	10	03	0.0000	 0.3757	 0.0000	 0.2505	 0.0000	 28.7080	 451.2075	 72.4820
2010	10	04	0.0000	 0.3702	 0.0000	 0.2491	 0.0000	 28.6978	 450.8422	 72.2382
2010	10	05	0.0000	 0.3682	 0.0000	 0.2478	 0.0000	 28.6876	 450.4790	 71.9957
2010	10	06	0.0000	 0.3689	 0.0000	 0.2465	 0.0000	 28.6776	 450.1150	 71.7543
2010	10	07	0.0000	 0.3835	 0.0000	 0.2451	 0.0000	 28.6674	 449.7366	 71.5142
2010	10	08	0.0000	 0.4560	 0.0000	 0.2438	 0.0000	 28.6550	 449.2882	 71.2753
2010	10	09	0.0000	 0.6300	 0.0000	 0.2425	 0.0000	 28.6398	 448.6684	 71.0377
2010	10	10	0.0000	 0.5148	 0.0000	 0.2412	 0.0000	 28.6273	 448.1613	 70.8012
2010	10	11	0.0000	 0.5201	 0.0000	 0.2399	 0.0000	 28.6151	 447.6488	 70.5660
2010	10	12	0.0000	 0.6625	 0.0000	 0.2386	 0.0000	 28.6002	 446.9967	 70.3319
2010	10	13	0.0000	 0.6301	 0.0000	 0.2374	 0.0000	 28.5857	 446.3766	 70.0991
2010	10	14	0.0000	 0.5804	 0.0000	 0.2361	 0.0000	 28.5727	 445.8047	 69.8674
2010	10	15	0.0000	 0.4954	 0.0000	 0.2348	 0.0000	 28.5608	 445.3169	 69.6370
2010	10	16	0.0000	 0.4119	 0.0000	 0.2335	 0.0000	 28.5503	 444.9113	 69.4076
2010	10	17	0.0000	 0.3701	 0.0000	 0.2323	 0.0000	 28.5404	 444.5469	 69.1795
2010	10	18	0.0000	 0.3642	 0.0000	 0.2310	 0.0000	 28.5306	 444.1884	 68.9525
2010	10	19	0.0000	 0.3696	 0.0000	 0.2298	 0.0000	 28.5206	 443.8249	 68.7267
2010	10	20	0.0000	 0.3876	 0.0000	 0.2286	 0.0000	 28.5104	 443.4436	 68.5020
2010	10	21	0.0000	 0.4453	 0.0000	 0.2273	 0.0000	 28.4994	 443.0055	 68.2785
2010	10	22	0.0000	 0.4734	 0.0000	 0.2261	 0.0000	 28.4879	 442.5398	 68.0562
2010	10	23	0.0000	 0.4599	 0.0000	 0.2249	 0.0000	 28.4766	 442.0875	 67.8349
2010	10	24	0.0000	 0.4830	 0.0000	 0.2237	 0.0000	 28.4650	 441.6125	 67.6148
2010	10	25	0.7800	 0.4543	 0.0667	 0.2225	 0.0000	 29.1498	 441.1658	 67.3958
2010	10	26	0.0000	 0.5222	 0.0000	 0.2213	 0.0000	 29.1026	 440.7048	 67.1780
2010	10	27	7.1900	 0.3644	 0.6331	 0.2201	 0.0000	 35.5852	 440.3940	 66.9613
2010	10	28	0.0000	 0.5335	 0.0000	 0.2189	 0.0000	 35.3050	 440.1547	 66.7457
2010	10	29	0.0000	 0.2682	 0.0000	 0.2177	 0.0000	 35.0760	 440.1122	 66.5314
2010	10	30	0.0000	 0.2410	 0.0000	 0.2165	 0.0000	 34.8822	 440.0615	 66.3182
2010	10	31	0.0000	 0.2364	 0.0000	 0.2154	 0.0000	 34.7054	 439.9986	 66.1062
2010	11	01	0.0000	 0.2566	 0.0000	 0.2142	 0.0000	 34.5262	 439.9179	 65.8953
2010	11	02	0.0000	 0.2693	 0.0000	 0.2131	 0.0000	 34.3481	 439.8234	 65.6855
2010	11	03	0.0000	 0.2664	 0.0000	 0.2119	 0.0000	 34.1786	 439.7233	 65.4769
2010	11	04	0.0000	 0.2635	 0.0000	 0.2108	 0.0000	 34.0168	 439.6184	 65.2693
2010	11	05	0.0000	 0.2340	 0.0000	 0.2096	 0.0000	 33.8748	 439.5233	 65.0629
2010	11	06	0.0000	 0.2203	 0.0000	 0.2085	 0.0000	 33.7457	 439.4290	 64.8575
2010	11	07	0.0000	 0.2387	 0.0000	 0.2074	 0.0000	 33.6075	 439.3254	 64.6532
2010	11	08	0.0000	 0.2444	 0.0000	 0.2062	 0.0000	 33.4687	 439.2168	 64.4500
2010	11	09	0.0000	 0.2383	 0.0000	 0.2051	 0.0000	 33.3373	 439.1070	 64.2478
2010	11	10	0.0000	 0.2089	 0.0000	 0.2040	 0.0000	 33.2257	 439.0068	 64.0467
2010	11	11	0.0000	 0.2126	 0.0000	 0.2029	 0.0000	 33.1140	 438.9030	 63.8467
2010	11	12	0.0000	 0.2190	 0.0000	 0.2018	 0.0000	 32.9988	 438.7963	 63.6477
2010	11	13	0.0000	 0.2141	 0.0000	 0.2007	 0.0000	 32.8889	 438.6893	 63.4498
2010	11	14	0.0000	 0.2085	 0.0000	 0.1997	 0.0000	 32.7838	 438.5832	 63.2529
2010	11	15	0.0000	 0.2112	 0.0000	 0.1986	 0.0000	 32.6793	 438.4738	 63.0570
2010	11	16	0.0000	 0.2098	 0.0000	 0.1975	 0.0000	 32.5758	 438.3649	 62.8622
2010	11	17	0.0000	 0.2187	 0.0000	 0.1964	 0.0000	 32.4684	 438.2510	 62.6683
2010	11	18	0.0000	 0.2258	 0.0000	 0.1954	 0.0000	 32.3602	 438.1308	 62.4755
2010	11	19	0.0000	 0.2737	 0.0000	 0.1943	 0.0000	 32.2263	 437.9885	 62.2837
2010	11	20	11.3800	 0.2831	 1.0102	 0.1933	 0.0000	 40.9854	 439.2955	 62.0930
2010	11	21	31.0400	 7.5803	 2.1498	 0.1922	 0.0000	 42.5643	 459.0209	 61.9065
2010	11	22	0.0000	 0.8715	 0.0000	 0.1912	 0.0000	 38.9414	 461.7790	 61.7265
2010	11	23	0.0000	 0.8437	 0.0000	 0.1902	 0.0000	 38.1139	 461.7509	 61.5482
2010	11	24	0.0000	 0.7132	 0.0000	 0.1893	 0.0000	 37.5898	 461.5497	 61.3711
2010	11	25	0.0000	 0.6635	 0.0000	 0.1883	 0.0000	 37.1907	 461.2734	 61.1948
2010	11	26	0.0000	 0.6620	 0.0000	 0.1873	 0.0000	 36.8529	 460.9372	 61.0194
2010	11	27	0.0000	 0.6705	 0.0000	 0.1864	 0.0000	 36.5514	 460.5564	 60.8448
2010	11	28	0.0000	 0.7295	 0.0000	 0.1854	 0.0000	 36.2657	 460.1010	 60.6710
2010	11	29	0.0000	 0.7137	 0.0000	 0.1845	 0.0000	 36.0027	 459.6389	 60.4979
2010	11	30	0.0000	 0.7260	 0.0000	 0.1835	 0.0000	 35.7540	 459.1505	 60.3255
2010	12	01	0.0000	 0.8223	 0.0000	 0.1826	 0.0000	 35.5049	 458.5664	 60.1539
2010	12	02	0.0000	 0.7177	 0.0000	 0.1816	 0.0000	 35.2828	 458.0601	 59.9829
2010	12	03	0.0000	 0.7630	 0.0000	 0.1807	 0.0000	 35.0600	 457.5096	 59.8126
2010	12	04	0.0000	 0.7801	 0.0000	 0.1798	 0.0000	 34.8426	 456.9368	 59.6430
2010	12	05	0.0000	 0.6917	 0.0000	 0.1788	 0.0000	 34.6550	 456.4228	 59.4741
2010	12	06	29.1300	 0.5864	 2.8652	 0.1779	 0.0000	 42.8326	 473.8881	 59.3126
2010	12	07	9.7100	 2.8700	 0.6987	 0.1771	 0.0000	 41.0910	 481.7261	 59.1803
2010	12	08	0.0000	 1.1343	 0.0000	 0.1764	 0.0000	 38.8464	 482.7984	 59.0610
2010	12	09	9.7100	 0.8923	 1.0302	 0.1758	 0.0000	 41.4822	 487.8647	 58.9516
2010	12	10	29.1300	 6.4634	 2.4914	 0.1753	 0.0000	 42.5053	 506.8797	 58.9134
2010	12	11	0.0000	 1.3897	 0.0000	 0.1754	 0.0000	 38.9502	 508.8141	 58.9879
2010	12	12	0.0000	 1.4363	 0.0000	 0.1759	 0.0000	 38.1278	 507.9490	 59.0631
2010	12	13	0.0000	 1.3568	 0.0000	 0.1763	 0.0000	 37.5999	 506.8798	 59.1273
2010	12	14	0.0000	 1.3939	 0.0000	 0.1766	 0.0000	 37.1837	 505.6740	 59.1787
2010	12	15	0.0000	 1.4864	 0.0000	 0.1768	 0.0000	 36.8221	 504.3338	 59.2173
2010	12	16	0.0000	 1.4262	 0.0000	 0.1770	 0.0000	 36.5050	 503.0215	 59.2435
2010	12	17	0.0000	 1.3818	 0.0000	 0.1771	 0.0000	 36.2156	 501.7373	 59.2582
2010	12	18	0.0000	 1.3995	 0.0000	 0.1772	 0.0000	 35.9464	 500.4259	 59.2622
2010	12	19	0.0000	 1.4835	 0.0000	 0.1772	 0.0000	 35.6870	 499.0305	 59.2563
2010	12	20	14.4000	 0.9655	 1.6164	 0.1771	 0.0000	 41.9519	 504.3802	 59.2638
2010	12	21	7.3100	 3.7957	 0.3852	 0.1774	 0.0000	 40.3412	 508.8458	 59.3605
2010	12	22	7.3100	 4.0137	 0.3625	 0.1780	 0.0000	 40.2035	 511.6187	 59.4811
2010	12	23	7.3100	 3.9527	 0.3752	 0.1787	 0.0000	 40.2102	 514.2830	 59.6134
2010	12	24	21.9200	 4.3404	 2.1069	 0.1796	 0.0000	 42.1870	 527.3693	 59.8434
2010	12	25	14.6100	 5.0537	 1.1798	 0.1816	 0.0000	 41.4460	 535.8013	 60.3472
2010	12	26	0.0000	 1.5495	 0.0000	 0.1847	 0.0000	 38.8956	 536.0409	 60.9428
2010	12	27	0.0000	 1.7106	 0.0000	 0.1878	 0.0000	 38.1075	 534.4142	 61.4592
2010	12	28	0.0000	 1.9560	 0.0000	 0.1904	 0.0000	 37.5696	 532.3760	 61.8889
2010	12	29	0.0000	 1.8444	 0.0000	 0.1926	 0.0000	 37.1563	 530.3967	 62.2445
2010	12	30	0.0000	 1.7114	 0.0000	 0.1944	 0.0000	 36.8127	 528.5400	 62.5391
2010	12	31	0.0000	 1.6260	 0.0000	 0.1958	 0.0000	 36.5147	 526.7980	 62.7572
